1054019951 0 0 1 0 0 0 0 0 0 0 0 0 0 0 0 0 0 0 0 0
1054020175 0 0 2 0 0 0 0 0 0 0 0 0 0 0 0 0 0 0 0 0
1054089731 0 0 2 0 0 0 0 0 1 0 0 0 0 0 0 0 0 0 0 0
1054176893 0 0 3 0 0 0 0 0 1 0 0 0 0 0 0 0 0 0 0 0
1054265592 0 0 3 0 0 0 0 0 2 0 0 0 0 0 0 0 0 0 0 0
1054510453 0 0 4 0 0 0 0 0 2 0 0 0 0 0 0 0 0 0 0 0
1054511202 0 0 5 0 0 0 0 0 2 0 0 0 0 0 0 0 0 0 0 0
1055302346 0 0 6 0 0 0 0 0 2 0 0 0 0 0 0 0 0 0 0 0
1055302351 0 0 7 0 0 0 0 0 2 0 0 0 0 0 0 0 0 0 0 0
1055302602 0 0 8 0 0 0 0 0 2 0 0 0 0 0 0 0 0 0 0 0
1055557673 0 0 9 0 0 0 0 0 2 0 0 0 0 0 0 0 0 0 0 0
1055632029 0 0 10 0 0 0 0 0 2 0 0 0 0 0 0 0 0 0 0 0
1055716552 0 0 11 0 0 0 0 0 2 0 0 0 0 0 0 0 0 0 0 0
1055719638 0 0 12 0 0 0 0 0 2 0 0 0 0 0 0 0 0 0 0 0
1055729630 0 0 13 0 0 0 0 0 2 0 0 0 0 0 0 0 0 0 0 0
1055801612 0 0 14 0 0 0 0 0 2 0 0 0 0 0 0 0 0 0 0 0
1055924369 0 0 15 0 0 0 0 0 2 0 0 0 0 0 0 0 0 0 0 0
1056054575 0 0 16 0 0 0 0 0 2 0 0 0 0 0 0 0 0 0 0 0
1056059385 0 0 17 0 0 0 0 0 2 0 0 0 0 0 0 0 0 0 0 0
1056060368 0 0 18 0 0 0 0 0 2 0 0 0 0 0 0 0 0 0 0 0
1056071609 0 0 19 0 0 0 0 0 2 0 0 0 0 0 0 0 0 0 0 0
1056105180 0 0 20 0 0 0 0 0 2 0 0 0 0 0 0 0 0 0 0 0
1056250325 0 0 21 0 0 0 0 0 2 0 0 0 0 0 0 0 0 0 0 0
1056334959 0 0 22 0 0 0 0 0 2 0 0 0 0 0 0 0 0 0 0 0
1056342575 0 0 23 0 0 0 0 0 2 0 0 0 0 0 0 0 0 0 0 0
1056397891 0 0 24 0 0 0 0 0 2 0 0 0 0 0 0 0 0 0 0 0
1056421202 0 0 25 0 0 0 0 0 2 0 0 0 0 0 0 0 0 0 0 0
1056496229 0 0 26 0 0 0 0 0 2 0 0 0 0 0 0 0 0 0 0 0
1056496268 0 0 27 0 0 0 0 0 2 0 0 0 0 0 0 0 0 0 0 0
1056503249 0 0 27 0 0 0 0 0 3 0 0 0 0 0 0 0 0 0 0 0
1056504015 0 0 28 0 0 0 0 0 3 0 0 0 0 0 0 0 0 0 0 0
1056524601 0 0 29 0 0 0 0 0 3 0 0 0 0 0 0 0 0 0 0 0
1056564378 0 0 30 0 0 0 0 0 3 0 0 0 0 0 0 0 0 0 0 0
1056564506 0 0 31 0 0 0 0 0 3 0 0 0 0 0 0 0 0 0 0 0
1056594492 0 0 32 0 0 0 0 0 3 0 0 0 0 0 0 0 0 0 0 0
1056594640 0 0 33 0 0 0 0 0 3 0 0 0 0 0 0 0 0 0 0 0
1056668383 0 0 34 0 0 0 0 0 3 0 0 0 0 0 0 0 0 0 0 0
1056674843 0 0 35 0 0 0 0 0 3 0 0 0 0 0 0 0 0 0 0 0
1056678295 0 0 36 0 0 0 0 0 3 0 0 0 0 0 0 0 0 0 0 0
1056678808 0 0 37 0 0 0 0 0 3 0 0 0 0 0 0 0 0 0 0 0
1056737217 0 0 38 0 0 0 0 0 3 0 0 0 0 0 0 0 0 0 0 0
1056742336 0 0 39 0 0 0 0 0 3 0 0 0 0 0 0 0 0 0 0 0
1056745950 0 0 40 0 0 0 0 0 3 0 0 0 0 0 0 0 0 0 0 0
1056748555 0 0 41 0 0 0 0 0 3 0 0 0 0 0 0 0 0 0 0 0
1056991149 0 0 42 0 0 0 0 0 3 0 0 0 0 0 0 0 0 0 0 0
1057176538 0 0 43 0 0 0 0 0 3 0 0 0 0 0 0 0 0 0 0 0
1058828192 0 0 43 0 0 0 0 0 4 0 0 0 0 0 0 0 0 0 0 0
1058865273 0 0 43 0 0 0 0 0 5 0 0 0 0 0 0 0 0 0 0 0
1058918420 0 0 44 0 0 0 0 0 5 0 0 0 0 0 0 0 0 0 0 0
1059282277 0 0 45 0 0 0 0 0 5 0 0 0 0 0 0 0 0 0 0 0
1059285374 0 0 45 0 0 0 0 0 5 0 0 0 0 0 0 0 0 0 0 0
1059381602 0 0 46 0 0 0 0 0 5 0 0 0 0 0 0 0 0 0 0 0
1059512968 0 0 47 0 0 0 0 0 5 0 0 0 0 0 0 0 0 0 0 0
1059514879 0 0 48 0 0 0 0 0 5 0 0 0 0 0 0 0 0 0 0 0
1059544430 0 0 49 0 0 0 0 0 5 0 0 0 0 0 0 0 0 0 0 0
1059694624 0 0 50 0 0 0 0 0 5 0 0 0 0 0 0 0 0 0 0 0
1060277477 0 0 51 0 0 0 0 0 5 0 0 0 0 0 0 0 0 0 0 0
1060382133 0 0 51 0 0 0 0 0 5 0 0 0 0 0 0 0 0 0 0 0
1060555734 0 0 52 0 0 0 0 0 5 0 0 0 0 0 0 0 0 0 0 0
1060567297 0 0 53 0 0 0 0 0 5 0 0 0 0 0 0 0 0 0 0 0
1060580666 0 0 53 0 0 0 0 0 5 0 0 0 0 0 0 0 0 0 0 0
1060580977 0 0 53 0 0 0 0 0 5 0 0 0 0 0 0 0 0 0 0 0
1060582024 0 0 54 0 0 0 0 0 5 0 0 0 0 0 0 0 0 0 0 0
1060584308 0 0 54 0 0 0 0 0 6 0 0 0 0 0 0 0 0 0 0 0
1060620088 0 0 54 0 0 0 0 0 6 0 0 0 0 0 0 0 0 0 0 0
1060634229 0 0 55 0 0 0 0 0 6 0 0 0 0 0 0 0 0 0 0 0
1060655047 0 0 56 0 0 0 0 0 6 0 0 0 0 0 0 0 0 0 0 0
1060655356 0 0 57 0 0 0 0 0 6 0 0 0 0 0 0 0 0 0 0 0
1060711855 0 0 58 0 0 0 0 0 6 0 0 0 0 0 0 0 0 0 0 0
1060713164 0 0 59 0 0 0 0 0 6 0 0 0 0 0 0 0 0 0 0 0
1060719534 0 0 60 0 0 0 0 0 6 0 0 0 0 0 0 0 0 0 0 0
1060733119 0 0 61 0 0 0 0 0 6 0 0 0 0 0 0 0 0 0 0 0
1060734291 0 0 62 0 0 0 0 0 6 0 0 0 0 0 0 0 0 0 0 0
1060738322 0 0 63 0 0 0 0 0 6 0 0 0 0 0 0 0 0 0 0 0
1060804742 0 0 64 0 0 0 0 0 6 0 0 0 0 0 0 0 0 0 0 0
1060967526 0 0 65 0 0 0 0 0 6 0 0 0 0 0 0 0 0 0 0 0
1062780925 0 0 66 0 0 0 0 0 6 0 0 0 0 0 0 0 0 0 0 0
1062782184 0 0 66 0 0 0 0 0 6 0 0 0 0 0 0 0 0 0 0 0
1062785131 0 0 67 0 0 0 0 0 6 0 0 0 0 0 0 0 0 0 0 0
1062801456 0 0 68 0 0 0 0 0 6 0 0 0 0 0 0 0 0 0 0 0
1063131208 0 0 69 0 0 0 0 0 6 0 0 0 0 0 0 0 0 0 0 0
1063134366 0 0 70 0 0 0 0 0 6 0 0 0 0 0 0 0 0 0 0 0
1064893290 0 0 70 0 0 0 0 0 7 0 0 0 0 0 0 0 0 0 0 0
1064894602 0 0 71 0 0 0 0 0 7 0 0 0 0 0 0 0 0 0 0 0
1065390485 0 0 71 0 0 0 0 0 7 0 0 0 0 0 0 0 0 0 0 0
1065641137 0 0 71 0 0 0 0 0 7 0 0 0 0 0 0 0 0 0 0 0
1065697699 0 0 72 0 0 0 0 0 7 0 0 0 0 0 0 0 0 0 0 0
1066874059 0 0 72 0 0 0 0 0 7 0 0 0 0 0 0 0 0 0 0 0
1067133483 0 0 73 0 0 0 0 0 7 0 0 0 0 0 0 0 0 0 0 0
1067133565 0 0 74 0 0 0 0 0 7 0 0 0 0 0 0 0 0 0 0 0
1070313502 0 0 74 0 0 0 0 0 8 0 0 0 0 0 0 0 0 0 0 0
1070315015 0 0 74 0 0 0 0 0 9 0 0 0 0 0 0 0 0 0 0 0
1072814193 0 0 75 0 0 0 0 0 9 0 0 0 0 0 0 0 0 0 0 0
1077230754 0 0 75 0 0 0 0 0 9 0 0 0 0 0 0 0 0 0 0 0
1077666122 0 0 75 0 0 0 0 0 9 0 0 0 0 0 0 0 0 0 0 0
1080709311 0 0 75 0 0 0 0 0 10 0 0 0 0 0 0 0 0 0 0 0
1080709535 0 0 75 0 0 0 0 0 11 0 0 0 0 0 0 0 0 0 0 0
1082836859 0 0 75 0 0 0 0 0 12 0 0 0 0 0 0 0 0 0 0 0
1083347674 0 0 76 0 0 0 0 0 12 0 0 0 0 0 0 0 0 0 0 0
1083348824 0 0 77 0 0 0 0 0 12 0 0 0 0 0 0 0 0 0 0 0
1084677139 0 0 77 0 0 0 0 0 12 0 0 0 0 0 0 0 0 0 0 0
1089935722 0 0 77 0 0 0 0 0 12 0 0 0 0 0 0 0 0 0 0 0
1089999776 0 0 78 0 0 0 0 0 12 0 0 0 0 0 0 0 0 0 0 0
1089999961 0 0 79 0 0 0 0 0 12 0 0 0 0 0 0 0 0 0 0 0
1090525791 0 0 80 0 0 0 0 0 12 0 0 0 0 0 0 0 0 0 0 0
1091761455 0 0 81 0 0 0 0 0 12 0 0 0 0 0 0 0 0 0 0 0
1095114713 0 0 81 0 0 0 0 0 12 0 0 0 0 0 0 0 0 0 0 0
1095115062 0 0 81 0 0 0 0 0 12 0 0 0 0 0 0 0 0 0 0 0
1095117114 0 0 81 0 0 0 0 0 12 0 0 0 0 0 0 0 0 0 0 0
1095117942 0 0 81 0 0 0 0 0 13 0 0 0 0 0 0 0 0 0 0 0
1101212740 0 0 81 0 0 0 0 0 14 0 0 0 0 0 0 0 0 0 0 0
1102726253 0 0 81 0 0 0 0 0 14 0 0 0 0 0 0 0 0 0 0 0
1102726761 0 0 81 0 0 0 0 0 14 0 0 0 0 0 0 0 0 0 0 0
1105738740 0 0 81 0 0 0 0 0 14 0 0 0 0 0 0 0 0 0 0 0
1105739305 0 0 81 0 0 0 0 0 14 0 0 0 0 0 0 0 0 0 0 0
1105740150 0 0 82 0 0 0 0 0 14 0 0 0 0 0 0 0 0 0 0 0
1105740316 0 0 82 0 0 0 0 0 14 0 0 0 0 0 0 0 0 0 0 0
1112659826 0 0 82 0 0 0 0 0 14 0 0 0 0 0 0 0 0 0 0 0
1112660206 0 0 83 0 0 0 0 0 14 0 0 0 0 0 0 0 0 0 0 0
1113236904 0 0 83 0 0 0 0 0 14 0 0 0 0 0 0 0 0 0 0 0
1115148926 0 0 83 0 0 0 0 0 14 0 0 0 0 0 0 0 0 0 0 0
1117046419 0 0 83 0 0 0 0 0 14 0 0 0 0 0 0 0 0 0 0 0
1123653684 0 0 83 0 0 0 0 0 14 0 0 0 0 0 0 0 0 0 0 0
1136173403 0 0 84 0 0 0 0 0 14 0 0 0 0 0 0 0 0 0 0 0
1141524742 0 0 84 0 0 0 0 0 15 0 0 0 0 0 0 0 0 0 0 0
1142881434 0 0 85 0 0 0 0 0 15 0 0 0 0 0 0 0 0 0 0 0
1142903888 0 0 86 0 0 0 0 0 15 0 0 0 0 0 0 0 0 0 0 0
1143095802 0 0 87 0 0 0 0 0 15 0 0 0 0 0 0 0 0 0 0 0
1143631960 0 0 87 0 0 0 0 0 15 0 0 0 0 0 0 0 0 0 0 0
1144524721 0 0 87 0 0 0 0 0 15 0 0 0 0 0 0 0 0 0 0 0
1146432582 0 0 88 0 0 0 0 0 15 0 0 0 0 0 0 0 0 0 0 0
1146443714 0 0 89 0 0 0 0 0 15 0 0 0 0 0 0 0 0 0 0 0
1146760547 0 0 89 0 0 0 0 0 15 0 0 0 0 0 0 0 0 0 0 0
1147979071 0 0 90 0 0 0 0 0 15 0 0 0 0 0 0 0 0 0 0 0
1152138210 0 0 91 0 0 0 0 0 15 0 0 0 0 0 0 0 0 0 0 0
1157253506 0 0 92 0 0 0 0 0 15 0 0 0 0 0 0 0 0 0 0 0
1157288289 0 0 92 0 0 0 0 0 15 0 0 0 0 0 0 0 0 0 0 0
1157315203 0 0 93 0 0 0 0 0 15 0 0 0 0 0 0 0 0 0 0 0
1157327840 0 0 94 0 0 0 0 0 15 0 0 0 0 0 0 0 0 0 0 0
1157330839 0 0 95 0 0 0 0 0 15 0 0 0 0 0 0 0 0 0 0 0
1157332401 0 0 96 0 0 0 0 0 15 0 0 0 0 0 0 0 0 0 0 0
1157336322 0 0 97 0 0 0 0 0 15 0 0 0 0 0 0 0 0 0 0 0
1157336445 0 0 98 0 0 0 0 0 15 0 0 0 0 0 0 0 0 0 0 0
1157336599 0 0 99 0 0 0 0 0 15 0 0 0 0 0 0 0 0 0 0 0
1157336891 0 0 100 0 0 0 0 0 15 0 0 0 0 0 0 0 0 0 0 0
1157337193 0 0 101 0 0 0 0 0 15 0 0 0 0 0 0 0 0 0 0 0
1157341973 0 0 102 0 0 0 0 0 15 0 0 0 0 0 0 0 0 0 0 0
1157342470 0 0 103 0 0 0 0 0 15 0 0 0 0 0 0 0 0 0 0 0
1157342495 0 0 104 0 0 0 0 0 15 0 0 0 0 0 0 0 0 0 0 0
1157342883 0 0 105 0 0 0 0 0 15 0 0 0 0 0 0 0 0 0 0 0
1157342981 0 0 106 0 0 0 0 0 15 0 0 0 0 0 0 0 0 0 0 0
1157347745 0 0 107 0 0 0 0 0 15 0 0 0 0 0 0 0 0 0 0 0
1157347799 0 0 108 0 0 0 0 0 15 0 0 0 0 0 0 0 0 0 0 0
1157348450 0 0 109 0 0 0 0 0 15 0 0 0 0 0 0 0 0 0 0 0
1157348726 0 0 110 0 0 0 0 0 15 0 0 0 0 0 0 0 0 0 0 0
1157348941 0 0 111 0 0 0 0 0 15 0 0 0 0 0 0 0 0 0 0 0
1157349651 0 0 112 0 0 0 0 0 15 0 0 0 0 0 0 0 0 0 0 0
1157349918 0 0 113 0 0 0 0 0 15 0 0 0 0 0 0 0 0 0 0 0
1157350276 0 0 114 0 0 0 0 0 15 0 0 0 0 0 0 0 0 0 0 0
1157350584 0 0 115 0 0 0 0 0 15 0 0 0 0 0 0 0 0 0 0 0
1157351616 0 0 116 0 0 0 0 0 15 0 0 0 0 0 0 0 0 0 0 0
1157351882 0 0 117 0 0 0 0 0 15 0 0 0 0 0 0 0 0 0 0 0
1157353974 0 0 118 0 0 0 0 0 15 0 0 0 0 0 0 0 0 0 0 0
1157354122 0 0 119 0 0 0 0 0 15 0 0 0 0 0 0 0 0 0 0 0
1157354472 0 0 120 0 0 0 0 0 15 0 0 0 0 0 0 0 0 0 0 0
1157355660 0 0 121 0 0 0 0 0 15 0 0 0 0 0 0 0 0 0 0 0
1157366496 0 0 122 0 0 0 0 0 15 0 0 0 0 0 0 0 0 0 0 0
1157401346 0 0 123 0 0 0 0 0 15 0 0 0 0 0 0 0 0 0 0 0
1157403097 0 0 124 0 0 0 0 0 15 0 0 0 0 0 0 0 0 0 0 0
1157403829 0 0 125 0 0 0 0 0 15 0 0 0 0 0 0 0 0 0 0 0
1157403842 0 0 126 0 0 0 0 0 15 0 0 0 0 0 0 0 0 0 0 0
1157404579 0 0 127 0 0 0 0 0 15 0 0 0 0 0 0 0 0 0 0 0
1157413928 0 0 128 0 0 0 0 0 15 0 0 0 0 0 0 0 0 0 0 0
1157414589 0 0 129 0 0 0 0 0 15 0 0 0 0 0 0 0 0 0 0 0
1157415682 0 0 130 0 0 0 0 0 15 0 0 0 0 0 0 0 0 0 0 0
1157415768 0 0 131 0 0 0 0 0 15 0 0 0 0 0 0 0 0 0 0 0
1157420503 0 0 132 0 0 0 0 0 15 0 0 0 0 0 0 0 0 0 0 0
1157423850 0 0 132 0 0 0 1 0 15 0 0 0 0 0 0 0 0 0 0 0
1157424140 0 0 132 0 0 0 2 0 15 0 0 0 0 0 0 0 0 0 0 0
1157431788 0 0 133 0 0 0 2 0 15 0 0 0 0 0 0 0 0 0 0 0
1157432184 0 0 133 0 0 0 2 0 15 0 0 0 0 0 0 0 0 0 0 0
1157432440 0 0 133 0 0 0 2 0 15 0 0 0 0 0 0 0 0 0 0 0
1157433620 0 0 134 0 0 0 2 0 15 0 0 0 0 0 0 0 0 0 0 0
1157435457 0 0 135 0 0 0 2 0 15 0 0 0 0 0 0 0 0 0 0 0
1157435712 0 0 136 0 0 0 2 0 15 0 0 0 0 0 0 0 0 0 0 0
1157435737 0 0 137 0 0 0 2 0 15 0 0 0 0 0 0 0 0 0 0 0
1157435983 0 0 138 0 0 0 2 0 15 0 0 0 0 0 0 0 0 0 0 0
1157482118 0 0 139 0 0 0 2 0 15 0 0 0 0 0 0 0 0 0 0 0
1157496392 0 0 140 0 0 0 2 0 15 0 0 0 0 0 0 0 0 0 0 0
1157510653 0 0 141 0 0 0 2 0 15 0 0 0 0 0 0 0 0 0 0 0
1157606804 0 0 142 0 0 0 2 0 15 0 0 0 0 0 0 0 0 0 0 0
1157608976 0 0 142 0 0 0 3 0 15 0 0 0 0 0 0 0 0 0 0 0
1157649216 0 0 143 0 0 0 3 0 15 0 0 0 0 0 0 0 0 0 0 0
1157661480 0 0 144 0 0 0 3 0 15 0 0 0 0 0 0 0 0 0 0 0
1157822162 0 0 145 0 0 0 3 0 15 0 0 0 0 0 0 0 0 0 0 0
1157831376 0 0 146 0 0 0 3 0 15 0 0 0 0 0 0 0 0 0 0 0
1157833535 0 0 147 0 0 0 3 0 15 0 0 0 0 0 0 0 0 0 0 0
1157837808 0 0 148 0 0 0 3 0 15 0 0 0 0 0 0 0 0 0 0 0
1158254942 0 0 149 0 0 0 3 0 15 0 0 0 0 0 0 0 0 0 0 0
1158784367 0 0 150 0 0 0 3 0 15 0 0 0 0 0 0 0 0 0 0 0
1158784602 0 0 151 0 0 0 3 0 15 0 0 0 0 0 0 0 0 0 0 0
1160777781 0 0 151 0 0 0 4 0 15 0 0 0 0 0 0 0 0 0 0 0
1160895056 0 0 151 0 0 0 5 0 15 0 0 0 0 0 0 0 0 0 0 0
1161300595 0 0 151 0 0 0 6 0 15 0 0 0 0 0 0 0 0 0 0 0
1163493546 0 0 151 0 0 0 6 0 15 0 0 0 0 0 0 0 0 0 0 0
1164057416 0 0 151 0 0 0 7 0 15 0 0 0 0 0 0 0 0 0 0 0
1164485575 0 0 151 0 0 0 7 0 15 0 0 0 0 0 0 0 0 0 0 0
1164576827 0 0 151 0 0 0 8 0 15 0 0 0 0 0 0 0 0 0 0 0
1165314956 0 0 152 0 0 0 8 0 15 0 0 0 0 0 0 0 0 0 0 0
1166991428 0 0 152 0 0 0 8 0 15 0 0 0 0 0 0 0 0 0 0 0
1173161679 0 0 152 0 1 0 8 0 15 0 0 0 0 0 0 0 0 0 0 0
1173164728 0 0 152 0 2 0 8 0 15 0 0 0 0 0 0 0 0 0 0 0
1173166110 0 0 152 0 3 0 8 0 15 0 0 0 0 0 0 0 0 0 0 0
1173198533 0 0 152 0 4 0 8 0 15 0 0 0 0 0 0 0 0 0 0 0
1174176137 0 0 152 0 4 0 8 0 15 0 0 0 0 0 0 0 0 0 0 0
1174286460 0 0 152 0 5 0 8 0 15 0 0 0 0 0 0 0 0 0 0 0
1174287047 0 0 152 0 6 0 8 0 15 0 0 0 0 0 0 0 0 0 0 0
1174430263 0 0 152 0 7 0 8 0 15 0 0 0 0 0 0 0 0 0 0 0
1174430473 0 0 152 0 7 0 8 0 15 0 0 0 0 0 0 0 0 0 0 0
1175379429 0 0 152 0 7 0 8 0 15 0 0 0 0 0 0 0 0 0 0 0
1175734610 0 0 152 0 8 0 8 0 15 0 0 0 0 0 0 0 0 0 0 0
1176046058 0 0 152 0 8 0 8 0 15 0 0 0 0 0 0 0 0 0 0 0
1176163356 0 0 152 0 9 0 8 0 15 0 0 0 0 0 0 0 0 0 0 0
1176205917 0 0 152 0 10 0 8 0 15 0 0 0 0 0 0 0 0 0 0 0
1176206596 0 0 152 0 11 0 8 0 15 0 0 0 0 0 0 0 0 0 0 0
1176388685 0 0 152 0 12 0 8 0 15 0 0 0 0 0 0 0 0 0 0 0
1176399306 0 0 152 0 12 0 8 0 15 0 0 0 0 0 0 0 0 0 0 0
1176408166 0 0 152 0 13 0 8 0 15 0 0 0 0 0 0 0 0 0 0 0
1176408195 0 0 152 0 14 0 8 0 15 0 0 0 0 0 0 0 0 0 0 0
1176416244 0 0 152 0 15 0 8 0 15 0 0 0 0 0 0 0 0 0 0 0
1176495513 0 0 152 0 16 0 8 0 15 0 0 0 0 0 0 0 0 0 0 0
1176495555 0 0 152 0 17 0 8 0 15 0 0 0 0 0 0 0 0 0 0 0
1176495607 0 0 152 0 18 0 8 0 15 0 0 0 0 0 0 0 0 0 0 0
1176737565 0 0 152 0 18 0 9 0 15 0 0 0 0 0 0 0 0 0 0 0
1176737643 0 0 152 0 18 0 10 0 15 0 0 0 0 0 0 0 0 0 0 0
1176759138 0 0 152 0 19 0 10 0 15 0 0 0 0 0 0 0 0 0 0 0
1176762153 0 0 153 0 19 0 10 0 15 0 0 0 0 0 0 0 0 0 0 0
1176766423 0 0 153 0 20 0 10 0 15 0 0 0 0 0 0 0 0 0 0 0
1176769493 0 0 153 0 21 0 10 0 15 0 0 0 0 0 0 0 0 0 0 0
1176770689 0 0 153 0 21 0 10 0 15 0 0 0 0 0 0 0 0 0 0 0
1176771552 0 0 153 0 22 0 10 0 15 0 0 0 0 0 0 0 0 0 0 0
1176898887 0 0 153 0 23 0 10 0 15 0 0 0 0 0 0 0 0 0 0 0
1178083142 0 0 153 0 24 0 10 0 15 0 0 0 0 0 0 0 0 0 0 0
1178084825 0 0 153 0 25 0 10 0 15 0 0 0 0 0 0 0 0 0 0 0
1178147838 0 0 154 0 25 0 10 0 15 0 0 0 0 0 0 0 0 0 0 0
1178148051 0 0 155 0 25 0 10 0 15 0 0 0 0 0 0 0 0 0 0 0
1178277782 0 0 155 0 26 0 10 0 15 0 0 0 0 0 0 0 0 0 0 0
1178567454 0 0 155 0 27 0 10 0 15 0 0 0 0 0 0 0 0 0 0 0
1178573071 0 0 155 0 28 0 10 0 15 0 0 0 0 0 0 0 0 0 0 0
1178574069 0 0 155 0 29 0 10 0 15 0 0 0 0 0 0 0 0 0 0 0
1178574540 0 0 155 0 30 0 10 0 15 0 0 0 0 0 0 0 0 0 0 0
1178968217 0 0 155 0 31 0 10 0 15 0 0 0 0 0 0 0 0 0 0 0
1180450246 0 0 155 0 32 0 10 0 15 0 0 0 0 0 0 0 0 0 0 0
1181070808 0 0 155 0 33 0 10 0 15 0 0 0 0 0 0 0 0 0 0 0
1181071998 0 0 155 0 34 0 10 0 15 0 0 0 0 0 0 0 0 0 0 0
1182211675 0 0 155 0 34 0 11 0 15 0 0 0 0 0 0 0 0 0 0 0
1182302505 0 0 155 0 35 0 11 0 15 0 0 0 0 0 0 0 0 0 0 0
1183422622 0 0 156 0 35 0 11 0 15 0 0 0 0 0 0 0 0 0 0 0
1183545080 0 0 156 0 36 0 11 0 15 0 0 0 0 0 0 0 0 0 0 0
1183749657 0 0 156 0 37 0 11 0 15 0 0 0 0 0 0 0 0 0 0 0
1183750473 0 0 156 0 38 0 11 0 15 0 0 0 0 0 0 0 0 0 0 0
1183752658 0 0 156 0 39 0 11 0 15 0 0 0 0 0 0 0 0 0 0 0
1183850246 0 0 156 0 39 0 12 0 15 0 0 0 0 0 0 0 0 0 0 0
1183852912 0 0 156 0 39 0 13 0 15 0 0 0 0 0 0 0 0 0 0 0
1183884707 0 0 156 0 39 0 14 0 15 0 0 0 0 0 0 0 0 0 0 0
1183888128 0 0 156 0 39 0 15 0 15 0 0 0 0 0 0 0 0 0 0 0
1183889508 0 0 156 0 39 0 16 0 15 0 0 0 0 0 0 0 0 0 0 0
1183991334 0 0 156 0 40 0 16 0 15 0 0 0 0 0 0 0 0 0 0 0
1184048723 0 0 156 0 41 0 16 0 15 0 0 0 0 0 0 0 0 0 0 0
1184049007 0 0 156 0 42 0 16 0 15 0 0 0 0 0 0 0 0 0 0 0
1184049838 0 0 156 0 43 0 16 0 15 0 0 0 0 0 0 0 0 0 0 0
1184051062 0 0 157 0 43 0 16 0 15 0 0 0 0 0 0 0 0 0 0 0
1184083529 0 0 158 0 43 0 16 0 15 0 0 0 0 0 0 0 0 0 0 0
1184085975 0 0 158 0 43 0 16 0 15 0 0 0 0 0 0 0 0 0 0 0
1184608200 0 0 158 0 44 0 16 0 15 0 0 0 0 0 0 0 0 0 0 0
1185701559 0 0 158 0 45 0 16 0 15 0 0 0 0 0 0 0 0 0 0 0
1186423120 0 0 158 0 46 0 16 0 15 0 0 0 0 0 0 0 0 0 0 0
1186562714 0 0 158 0 46 0 16 0 15 0 0 0 0 0 0 0 0 0 0 0
1187724119 0 0 158 0 47 0 16 0 15 0 0 0 0 0 0 0 0 0 0 0
1187755381 0 0 158 0 47 0 16 0 15 0 0 0 0 0 0 0 0 0 0 0
1190107502 1 0 158 0 47 0 16 0 15 0 0 0 0 0 0 0 0 0 0 0
1191441551 1 1 158 0 47 0 16 0 15 0 0 0 0 0 0 0 0 0 0 0
1191441835 1 1 158 0 47 0 16 0 15 0 0 0 0 0 0 0 0 0 0 0
1191441932 1 1 158 0 48 0 16 0 15 0 0 0 0 0 0 0 0 0 0 0
1191442269 1 1 158 0 49 0 16 0 15 0 0 0 0 0 0 0 0 0 0 0
1191444331 1 1 158 0 49 0 16 0 15 0 0 0 0 0 0 0 0 0 0 0
1191450448 1 1 158 0 49 0 16 0 15 0 0 0 0 0 0 0 0 0 0 0
1191450480 1 1 158 0 50 0 16 0 15 0 0 0 0 0 0 0 0 0 0 0
1191451496 1 1 158 0 51 0 16 0 15 0 0 0 0 0 0 0 0 0 0 0
1191453962 1 1 158 0 51 0 16 0 15 0 0 0 0 0 0 0 0 0 0 0
1191454211 1 1 158 0 51 0 16 0 15 0 0 0 0 0 0 0 0 0 0 0
1191455144 1 1 158 0 52 0 16 0 15 0 0 0 0 0 0 0 0 0 0 0
1191603340 1 1 158 0 52 0 17 0 15 0 0 0 0 0 0 0 0 0 0 0
1192497223 1 1 158 0 52 0 17 0 15 0 0 0 0 0 0 0 0 0 0 0
1194889734 1 1 158 0 52 0 17 0 15 0 1 0 0 0 0 0 0 0 0 0
1195023604 1 1 158 0 52 0 17 0 15 0 1 0 0 0 0 0 0 0 0 0
1195030057 2 1 158 0 52 0 17 0 15 0 1 0 0 0 0 0 0 0 0 0
1195060267 3 1 158 0 52 0 17 0 15 0 1 0 0 0 0 0 0 0 0 0
1195114425 3 2 158 0 52 0 17 0 15 0 1 0 0 0 0 0 0 0 0 0
1195146543 4 2 158 0 52 0 17 0 15 0 1 0 0 0 0 0 0 0 0 0
1195199025 4 3 158 0 52 0 17 0 15 0 1 0 0 0 0 0 0 0 0 0
1195199050 4 4 158 0 52 0 17 0 15 0 1 0 0 0 0 0 0 0 0 0
1195199070 4 4 158 0 52 0 17 0 15 0 1 0 0 0 0 0 0 0 0 0
1195199079 4 4 158 0 52 0 17 0 15 0 1 0 0 0 0 0 0 0 0 0
1195204421 4 4 158 0 52 0 17 0 15 0 2 0 0 0 0 0 0 0 0 0
1195205767 4 4 158 0 52 0 17 0 15 0 3 0 0 0 0 0 0 0 0 0
1195208882 5 4 158 0 52 0 17 0 15 0 3 0 0 0 0 0 0 0 0 0
1195418237 6 4 158 0 52 0 17 0 15 0 3 0 0 0 0 0 0 0 0 0
1195431318 6 4 158 0 52 0 17 0 15 0 4 0 0 0 0 0 0 0 0 0
1195542087 7 4 158 0 52 0 17 0 15 0 4 0 0 0 0 0 0 0 0 0
1195542116 8 4 158 0 52 0 17 0 15 0 4 0 0 0 0 0 0 0 0 0
1195542125 9 4 158 0 52 0 17 0 15 0 4 0 0 0 0 0 0 0 0 0
1195675127 10 4 158 0 52 0 17 0 15 0 4 0 0 0 0 0 0 0 0 0
1195675152 11 4 158 0 52 0 17 0 15 0 4 0 0 0 0 0 0 0 0 0
1196270702 11 4 158 0 52 0 17 0 15 0 4 0 0 0 0 0 0 0 0 0
1196551081 12 4 158 0 52 0 17 0 15 0 4 0 0 0 0 0 0 0 0 0
1196561211 13 4 158 0 52 0 17 0 15 0 4 0 0 0 0 0 0 0 0 0
1196574579 13 4 158 0 52 0 17 0 15 0 4 0 0 0 0 0 0 0 0 0
1196932369 14 4 158 0 52 0 17 0 15 0 4 0 0 0 0 0 0 0 0 0
1196933802 15 4 158 0 52 0 17 0 15 0 4 0 0 0 0 0 0 0 0 0
1196933929 16 4 158 0 52 0 17 0 15 0 4 0 0 0 0 0 0 0 0 0
1197007019 17 4 158 0 52 0 17 0 15 0 4 0 0 0 0 0 0 0 0 0
1197087361 17 4 158 0 52 0 17 0 15 0 5 0 0 0 0 0 0 0 0 0
1197087373 17 4 158 0 52 0 17 0 15 0 6 0 0 0 0 0 0 0 0 0
1197087384 17 4 158 0 52 0 17 0 15 0 7 0 0 0 0 0 0 0 0 0
1198227720 17 4 158 0 52 0 17 0 15 0 8 0 0 0 0 0 0 0 0 0
1202704703 17 4 158 0 52 0 17 0 15 0 9 0 0 0 0 0 0 0 0 0
1202709572 18 4 158 0 52 0 17 0 15 0 9 0 0 0 0 0 0 0 0 0
1202709576 18 4 158 1 52 0 17 0 15 0 9 0 0 0 0 0 0 0 0 0
1202709640 19 4 158 1 52 0 17 0 15 0 9 0 0 0 0 0 0 0 0 0
1202715284 19 4 158 2 52 0 17 0 15 0 9 0 0 0 0 0 0 0 0 0
1202715866 19 4 158 3 52 0 17 0 15 0 9 0 0 0 0 0 0 0 0 0
1203326562 19 4 158 3 52 0 17 0 15 1 9 0 0 0 0 0 0 0 0 0
1203326567 19 4 158 3 52 0 17 0 15 2 9 0 0 0 0 0 0 0 0 0
1203329417 19 4 158 4 52 0 17 0 15 2 9 0 0 0 0 0 0 0 0 0
1203329420 19 4 158 5 52 0 17 0 15 2 9 0 0 0 0 0 0 0 0 0
1203330382 19 4 158 5 52 0 17 0 15 3 9 0 0 0 0 0 0 0 0 0
1203407113 20 4 158 5 52 0 17 0 15 3 9 0 0 0 0 0 0 0 0 0
1203655080 20 4 158 5 52 0 17 0 15 3 9 0 0 0 0 0 0 0 0 0
1203656261 20 4 158 5 52 0 17 0 15 3 10 0 0 0 0 0 0 0 0 0
1203656275 21 4 158 5 52 0 17 0 15 3 10 0 0 0 0 0 0 0 0 0
1203656723 22 4 158 5 52 0 17 0 15 3 10 0 0 0 0 0 0 0 0 0
1203892114 22 4 158 5 52 0 17 0 15 4 10 0 0 0 0 0 0 0 0 0
1203958605 22 4 158 6 52 0 17 0 15 4 10 0 0 0 0 0 0 0 0 0
1204083438 22 4 158 6 52 0 17 0 15 5 10 0 0 0 0 0 0 0 0 0
1204106879 22 4 158 6 52 0 17 0 15 6 10 0 0 0 0 0 0 0 0 0
1204314201 22 5 158 6 52 0 17 0 15 6 10 0 0 0 0 0 0 0 0 0
1204520897 23 5 158 6 52 0 17 0 15 6 10 0 0 0 0 0 0 0 0 0
1204520903 24 5 158 6 52 0 17 0 15 6 10 0 0 0 0 0 0 0 0 0
1204520906 25 5 158 6 52 0 17 0 15 6 10 0 0 0 0 0 0 0 0 0
1204520911 26 5 158 6 52 0 17 0 15 6 10 0 0 0 0 0 0 0 0 0
1204520916 27 5 158 6 52 0 17 0 15 6 10 0 0 0 0 0 0 0 0 0
1204520920 28 5 158 6 52 0 17 0 15 6 10 0 0 0 0 0 0 0 0 0
1204520924 29 5 158 6 52 0 17 0 15 6 10 0 0 0 0 0 0 0 0 0
1204520927 30 5 158 6 52 0 17 0 15 6 10 0 0 0 0 0 0 0 0 0
1204569930 33 10 158 6 52 0 17 0 15 6 10 0 7 0 0 0 4 0 0 0
1209337907 33 14 158 6 52 0 17 0 15 6 10 0 7 0 0 0 4 0 0 0
1209338510 33 19 158 6 52 0 17 0 15 6 10 0 7 0 0 0 4 0 0 0
1209339070 33 21 158 6 52 0 17 0 15 6 10 0 7 0 0 0 4 0 0 0
1209339151 43 31 158 11 52 0 17 0 15 6 10 0 7 0 0 0 6 0 0 0
1209369959 43 31 158 11 52 1 17 0 15 6 10 0 7 0 0 0 6 0 0 0
1209401826 43 32 158 11 52 1 17 0 15 6 10 0 7 0 0 0 6 0 0 0
1209504656 43 32 158 12 52 1 17 0 15 6 10 0 7 0 0 0 6 0 0 0
1209520599 43 33 158 12 52 1 17 0 15 6 10 0 7 0 0 0 6 0 0 0
1209521197 43 34 158 12 52 1 17 0 15 6 10 0 7 0 0 0 6 0 0 0
1209521786 43 35 158 12 52 1 17 0 15 6 10 0 7 0 0 0 6 0 0 0
1209779228 43 35 158 13 52 1 17 0 15 6 10 0 7 0 0 0 6 0 0 0
1209800118 43 36 158 13 52 1 17 0 15 6 10 0 7 0 0 0 6 0 0 0
1210318132 43 36 158 13 52 2 17 0 15 6 10 0 7 0 0 0 6 0 0 0
1213241769 44 36 158 13 52 2 17 0 15 6 10 0 7 0 0 0 6 0 0 0
1213244266 44 37 158 13 52 2 17 0 15 6 10 0 7 0 0 0 6 0 0 0
1213372872 44 38 158 13 52 2 17 0 15 6 10 0 7 0 0 0 6 0 0 0
1213373355 44 39 158 13 52 2 17 0 15 6 10 0 7 0 0 0 6 0 0 0
1213813822 44 40 158 13 52 2 17 0 15 6 10 0 7 0 0 0 6 0 0 0
1213813914 44 40 158 13 52 2 17 0 15 6 11 0 7 0 0 0 6 0 0 0
1213816310 44 41 158 13 52 2 17 0 15 6 11 0 7 0 0 0 6 0 0 0
1213820389 44 42 158 13 52 2 17 0 15 6 11 0 7 0 0 0 6 0 0 0
1213820427 44 43 158 13 52 2 17 0 15 6 11 0 7 0 0 0 6 0 0 0
1213889350 44 43 158 13 52 2 17 0 15 6 11 0 7 0 0 0 6 0 0 0
1213889387 44 44 158 13 52 2 17 0 15 6 11 0 7 0 0 0 6 0 0 0
1215071776 44 44 158 13 52 3 17 0 15 6 11 0 7 0 0 0 6 0 0 0
1215512935 44 44 158 13 52 4 17 0 15 6 11 0 7 0 0 0 6 0 0 0
1217235341 50 44 158 15 52 4 17 1 15 6 11 0 7 0 0 0 6 0 0 0
1217349534 50 44 158 16 52 4 17 1 15 6 11 0 7 0 0 0 6 0 0 0
1220148729 51 44 158 16 52 4 17 1 15 6 11 0 7 0 0 0 6 0 0 0
1220148924 52 44 158 16 52 4 17 1 15 6 11 0 7 0 0 0 6 0 0 0
1220149372 53 44 158 16 52 4 17 1 15 6 11 0 7 0 0 0 6 0 0 0
1220162708 54 44 158 16 52 4 17 1 15 6 11 0 7 0 0 0 6 0 0 0
1220223337 55 44 158 16 52 4 17 1 15 6 11 0 7 0 0 0 6 0 0 0
1220247525 55 44 158 16 52 4 17 1 15 6 11 0 7 0 0 0 6 0 0 0
1220247903 55 44 158 16 52 4 17 1 15 6 11 0 7 0 0 0 6 0 0 0
1220690767 55 44 158 16 52 4 17 1 15 7 11 0 7 0 0 0 6 0 0 0
1220691762 55 44 158 16 52 4 17 1 15 8 11 0 7 0 0 0 6 0 0 0
1220692114 55 44 158 16 52 4 17 1 15 9 11 0 7 0 0 0 6 0 0 0
1220692343 55 44 158 16 52 4 17 1 15 10 11 0 7 0 0 0 6 0 0 0
1220739281 56 44 158 16 52 4 17 1 15 10 11 0 7 0 0 0 6 0 0 0
1220740521 57 44 158 16 52 4 17 1 15 10 11 0 7 0 0 0 6 0 0 0
1220741528 58 44 158 16 52 4 17 1 15 10 11 0 7 0 0 0 6 0 0 0
1220742127 64 44 158 20 52 10 17 2 15 10 11 0 7 0 0 0 6 0 0 0
1220948640 64 44 158 20 52 11 17 2 15 10 11 0 7 0 0 0 6 0 0 0
1220955396 64 44 158 20 52 12 17 2 15 10 11 0 7 0 0 0 6 0 0 0
1221041407 64 44 158 20 52 13 17 2 15 10 11 0 7 0 0 0 6 0 0 0
1221049945 64 44 158 20 52 14 17 2 15 10 11 0 7 0 0 0 6 0 0 0
1221120526 64 44 158 20 52 15 17 2 15 10 11 0 7 0 0 0 6 0 0 0
1221131246 64 44 158 20 52 16 17 2 15 10 11 0 7 0 0 0 6 0 0 0
1221396998 64 44 158 20 52 17 17 2 15 10 11 0 7 0 0 0 6 0 0 0
1222082267 64 44 158 20 52 18 17 2 15 10 11 0 7 0 0 0 6 0 0 0
1222233501 64 44 158 20 52 19 17 2 15 10 11 0 7 0 0 0 6 0 0 0
1222243852 64 44 158 20 52 20 17 2 15 10 11 0 7 0 0 0 6 0 0 0
1222658242 65 44 158 20 52 20 17 2 15 10 11 0 7 0 0 0 6 0 0 0
1222672830 66 44 158 20 52 20 17 2 15 10 11 0 7 0 0 0 6 0 0 0
1222674055 67 44 158 20 52 20 17 2 15 10 11 0 7 0 0 0 6 0 0 0
1222674761 67 44 158 20 52 20 17 2 15 10 11 0 7 0 0 0 6 0 0 0
1222687644 67 44 158 21 52 20 17 2 15 10 11 0 7 0 0 0 6 0 0 0
1222746436 67 44 158 21 52 20 17 2 15 11 11 0 7 0 0 0 6 0 0 0
1222756546 67 44 158 21 52 21 17 2 15 11 11 0 7 0 0 0 6 0 0 0
1222759008 67 44 158 21 52 21 17 2 15 12 11 0 7 0 0 0 6 0 0 0
1222762097 68 44 158 21 52 21 17 2 15 12 11 0 7 0 0 0 6 0 0 0
1222764864 69 44 158 21 52 21 17 2 15 12 11 0 7 0 0 0 6 0 0 0
1222862386 69 44 158 21 52 22 17 2 15 12 11 0 7 0 0 0 6 0 0 0
1222934288 69 44 158 21 52 23 17 2 15 12 11 0 7 0 0 0 6 0 0 0
1222936895 69 44 158 21 52 24 17 2 15 12 11 0 7 0 0 0 6 0 0 0
1222944127 69 44 158 22 52 24 17 2 15 12 11 0 7 0 0 0 6 0 0 0
1222950933 69 44 158 23 52 24 17 2 15 12 11 0 7 0 0 0 6 0 0 0
1223029868 69 44 158 23 52 25 17 2 15 12 11 0 7 0 0 0 6 0 0 0
1223187708 69 44 158 23 52 26 17 2 15 12 11 0 7 0 0 0 6 0 0 0
1223279236 69 44 158 23 52 27 17 2 15 12 11 0 7 0 0 0 6 0 0 0
1223290361 69 44 158 24 52 27 17 2 15 12 11 0 7 0 0 0 6 0 0 0
1223291254 69 44 158 25 52 27 17 2 15 12 11 0 7 0 0 0 6 0 0 0
1223291481 69 44 158 26 52 27 17 2 15 12 11 0 7 0 0 0 6 0 0 0
1223295867 69 44 158 27 52 27 17 2 15 12 11 0 7 0 0 0 6 0 0 0
1223456723 69 44 158 27 52 28 17 2 15 12 11 0 7 0 0 0 6 0 0 0
1223461682 69 44 158 28 52 28 17 2 15 12 11 0 7 0 0 0 6 0 0 0
1224040847 69 44 158 28 52 29 17 2 15 12 11 0 7 0 0 0 6 0 0 0
1224419605 69 44 158 28 52 30 17 2 15 12 11 0 7 0 0 0 6 0 0 0
1225160609 69 45 158 28 52 30 17 2 15 12 11 0 7 0 0 0 6 0 0 0
1227647674 69 45 158 29 52 30 17 2 15 12 11 0 7 0 0 0 6 0 0 0
1227661317 69 45 158 30 52 30 17 2 15 12 11 0 7 0 0 0 6 0 0 0
1227695335 69 45 158 31 52 30 17 2 15 12 11 0 7 0 0 0 6 0 0 0
1228152418 69 45 158 32 52 30 17 2 15 12 11 0 7 0 0 0 6 0 0 0
1228387965 69 45 158 33 52 30 17 2 15 12 11 0 7 0 0 0 6 0 0 0
1229753098 69 45 158 33 52 30 17 2 15 12 11 0 7 0 0 0 6 0 0 0
1231143268 69 45 158 33 52 31 17 2 15 12 11 0 7 0 0 0 6 0 0 0
1231819062 69 46 158 33 52 31 17 2 15 12 11 0 7 0 0 0 6 0 0 0
1232408738 69 47 158 33 52 31 17 2 15 12 11 0 7 0 0 0 6 0 0 0
1232413507 69 48 158 33 52 31 17 2 15 12 11 0 7 0 0 0 6 0 0 0
1232574325 69 49 158 33 52 31 17 2 15 12 11 0 7 0 0 0 6 0 0 0
1232586849 69 49 158 37 52 31 17 2 15 12 11 0 7 0 0 0 6 0 0 0
1232749705 69 50 158 37 52 31 17 2 15 12 11 0 7 0 0 0 6 0 0 0
1232758662 69 51 158 37 52 31 17 2 15 12 11 0 7 0 0 0 6 0 0 0
1232759850 69 52 158 37 52 31 17 2 15 12 11 0 7 0 0 0 6 0 0 0
1232869041 69 53 158 37 52 31 17 2 15 12 11 0 7 0 0 0 6 0 0 0
1232934145 69 54 158 37 52 31 17 2 15 12 11 0 7 0 0 0 6 0 0 0
1232934227 69 55 158 37 52 31 17 2 15 12 11 0 7 0 0 0 6 0 0 0
1232934377 69 56 158 37 52 31 17 2 15 12 11 0 7 0 0 0 6 0 0 0
1232934645 69 57 158 37 52 31 17 2 15 12 11 0 7 0 0 0 6 0 0 0
1232935593 69 58 158 37 52 31 17 2 15 12 11 0 7 0 0 0 6 0 0 0
1232936047 69 59 158 37 52 31 17 2 15 12 11 0 7 0 0 0 6 0 0 0
1232936871 69 60 158 37 52 31 17 2 15 12 11 0 7 0 0 0 6 0 0 0
1233057468 69 60 158 38 52 31 17 2 15 12 11 0 7 0 0 0 6 0 0 0
1233093711 69 61 158 38 52 31 17 2 15 12 11 0 7 0 0 0 6 0 0 0
1233136175 69 61 158 39 52 31 17 2 15 12 11 0 7 0 0 0 6 0 0 0
1233139923 69 61 158 40 52 31 17 2 15 12 11 0 7 0 0 0 6 0 0 0
1233161140 69 61 158 41 52 31 17 2 15 12 11 0 7 0 0 0 6 0 0 0
1233226311 69 61 158 41 52 31 17 2 15 12 11 0 7 0 0 0 6 0 0 0
1233276736 69 62 158 41 52 31 17 2 15 12 11 0 7 0 0 0 6 0 0 0
1233276887 69 63 158 41 52 31 17 2 15 12 11 0 7 0 0 0 6 0 0 0
1233624010 69 64 158 41 52 31 17 2 15 12 11 0 7 0 0 0 6 0 0 0
1233625686 69 65 158 41 52 31 17 2 15 12 11 0 7 0 0 0 6 0 0 0
1233625885 69 66 158 41 52 31 17 2 15 12 11 0 7 0 0 0 6 0 0 0
1233626194 69 67 158 41 52 31 17 2 15 12 11 0 7 0 0 0 6 0 0 0
1233626610 69 68 158 41 52 31 17 2 15 12 11 0 7 0 0 0 6 0 0 0
1233627496 69 69 158 41 52 31 17 2 15 12 11 0 7 0 0 0 6 0 0 0
1233627695 69 70 158 41 52 31 17 2 15 12 11 0 7 0 0 0 6 0 0 0
1234171577 69 70 158 42 52 31 17 2 15 12 11 0 7 0 0 0 6 0 0 0
1234404194 69 71 158 42 52 31 17 2 15 12 11 0 7 0 0 0 6 0 0 0
1234477723 69 72 158 42 52 31 17 2 15 12 11 0 7 0 0 0 6 0 0 0
1234489910 69 73 158 42 52 31 17 2 15 12 11 0 7 0 0 0 6 0 0 0
1234492561 69 74 158 42 52 31 17 2 15 12 11 0 7 0 0 0 6 0 0 0
1234563756 69 75 158 42 52 31 17 2 15 12 11 0 7 0 0 0 6 0 0 0
1234568029 69 75 158 42 52 31 17 2 15 12 11 0 7 0 0 0 6 0 0 0
1234570260 69 76 158 42 52 31 17 2 15 12 11 0 7 0 0 0 6 0 0 0
1234582307 69 77 158 42 52 31 17 2 15 12 11 0 7 0 0 0 6 0 0 0
1234583162 69 78 158 42 52 31 17 2 15 12 11 0 7 0 0 0 6 0 0 0
1234587550 69 79 158 42 52 31 17 2 15 12 11 0 7 0 0 0 6 0 0 0
1234591084 69 80 158 42 52 31 17 2 15 12 11 0 7 0 0 0 6 0 0 0
1235501077 69 81 158 42 52 31 17 2 15 12 11 0 7 0 0 0 6 0 0 0
1235506904 69 82 158 42 52 31 17 2 15 12 11 0 7 0 0 0 6 0 0 0
1235511290 69 83 158 42 52 31 17 2 15 12 11 0 7 0 0 0 6 0 0 0
1235512785 69 84 158 42 52 31 17 2 15 12 11 0 7 0 0 0 6 0 0 0
1235535919 69 85 158 42 52 31 17 2 15 12 11 0 7 0 0 0 6 0 0 0
1235538071 69 86 158 42 52 31 17 4 15 12 11 0 7 0 0 0 6 0 0 0
1235666972 69 87 158 42 52 31 17 4 15 12 11 0 7 0 0 0 6 0 0 0
1235933169 69 88 158 42 52 31 17 4 15 12 11 0 7 0 0 0 6 0 0 0
1235956683 69 88 158 42 52 31 17 4 15 12 11 0 7 0 0 0 6 0 0 0
1235985334 69 88 158 43 52 31 17 9 15 12 11 0 7 0 0 0 6 0 0 0
1235991078 69 88 158 44 52 31 17 9 15 12 11 0 7 0 0 0 6 0 0 0
1235996880 69 88 158 45 52 31 17 9 15 12 11 0 7 0 0 0 6 0 0 0
1236105784 69 88 158 46 52 31 17 9 15 12 11 0 7 0 0 0 6 0 0 0
1236160247 69 88 158 47 52 31 17 9 15 12 11 0 7 0 0 0 6 0 0 0
1236164124 69 88 158 48 52 31 17 9 15 12 11 0 7 0 0 0 6 0 0 0
1236170901 69 88 158 49 52 31 17 9 15 12 11 0 7 0 0 0 6 0 0 0
1236172694 69 88 158 50 52 31 17 9 15 12 11 0 7 0 0 0 6 0 0 0
1236173363 69 88 158 51 52 31 17 9 15 12 11 0 7 0 0 0 6 0 0 0
1236180968 69 88 158 52 52 31 17 9 15 12 11 0 7 0 0 0 6 0 0 0
1236258497 69 88 158 53 52 31 17 9 15 12 11 0 7 0 0 0 6 0 0 0
1236338814 69 88 158 54 52 31 17 9 15 12 11 0 7 0 0 0 6 0 0 0
1236356645 69 89 158 54 52 31 17 9 15 12 11 0 7 0 0 0 6 0 0 0
1236386431 69 90 158 54 52 31 17 9 15 12 11 0 7 0 0 0 6 0 0 0
1236386689 69 91 158 54 52 31 17 9 15 12 11 0 7 0 0 0 6 0 0 0
1236386936 69 92 158 54 52 31 17 9 15 12 11 0 7 0 0 0 6 0 0 0
1236389225 69 93 158 54 52 31 17 9 15 12 11 0 7 0 0 0 6 0 0 0
1236393898 69 94 158 54 52 31 17 9 15 12 11 0 7 0 0 0 6 0 0 0
1236401577 69 95 158 54 52 31 17 9 15 12 11 0 7 0 0 0 6 0 0 0
1236413134 69 96 158 54 52 31 17 9 15 12 11 0 7 0 0 0 6 0 0 0
1236465599 69 97 158 54 52 31 17 9 15 12 11 0 7 0 0 0 6 0 0 0
1236573822 69 98 158 54 52 31 17 9 15 12 11 0 7 0 0 0 6 0 0 0
1236574495 69 99 158 54 52 31 17 9 15 12 11 0 7 0 0 0 6 0 0 0
1236575048 69 100 158 54 52 31 17 9 15 12 11 0 7 0 0 0 6 0 0 0
1236575196 69 101 158 54 52 31 17 9 15 12 11 0 7 0 0 0 6 0 0 0
1236576205 69 102 158 54 52 31 17 9 15 12 11 0 7 0 0 0 6 0 0 0
1236634542 69 103 158 54 52 31 17 9 15 12 11 0 7 0 0 0 6 0 0 0
1236689527 69 103 158 55 52 31 17 9 15 12 11 0 7 0 0 0 6 0 0 0
1236691019 69 103 158 56 52 31 17 9 15 12 11 0 7 0 0 0 6 0 0 0
1236697327 69 103 158 57 52 31 17 9 15 12 11 0 7 0 0 0 6 0 0 0
1236699334 69 104 158 57 52 31 17 9 15 12 11 0 7 0 0 0 6 0 0 0
1236699922 69 105 158 57 52 31 17 9 15 12 11 0 7 0 0 0 6 0 0 0
1236700133 69 106 158 57 52 31 17 9 15 12 11 0 7 0 0 0 6 0 0 0
1236755937 69 107 158 57 52 31 17 9 15 12 11 0 7 0 0 0 6 0 0 0
1236796277 69 108 158 57 52 31 17 9 15 12 11 0 7 0 0 0 6 0 0 0
1236798291 69 108 158 57 52 32 17 9 15 12 11 0 7 0 0 0 6 0 0 0
1236800926 69 109 158 57 52 32 17 9 15 12 11 0 7 0 0 0 6 0 0 0
1236806914 69 110 158 57 52 32 17 9 15 12 11 0 7 0 0 0 6 0 0 0
1236808404 69 111 158 57 52 32 17 9 15 12 11 0 7 0 0 0 6 0 0 0
1236808506 69 112 158 57 52 32 17 9 15 12 11 0 7 0 0 0 6 0 0 0
1236928827 69 113 158 58 52 32 17 9 15 12 11 0 7 0 0 0 6 0 0 0
1237001054 69 114 158 58 52 32 17 9 15 12 11 0 7 0 0 0 6 0 0 0
1237183726 69 114 158 58 52 32 17 9 15 12 11 0 7 0 0 0 6 0 0 0
1237234281 69 114 158 59 52 32 17 9 15 12 11 0 7 0 0 0 6 0 0 0
1237290516 69 114 158 60 52 32 17 9 15 12 11 0 7 0 0 0 6 0 0 0
1237379667 69 114 158 60 52 32 17 9 15 12 11 0 7 0 0 0 6 0 0 0
1237436266 69 115 158 60 52 32 17 9 15 12 11 0 7 0 0 0 6 0 0 0
1237449588 69 115 158 61 52 32 17 9 15 12 11 0 7 0 0 0 6 0 0 0
1237452731 69 123 163 61 52 32 17 9 15 12 11 0 7 0 0 0 6 0 0 0
1237461746 69 123 163 62 52 32 17 9 15 12 11 0 7 0 0 0 6 0 0 0
1237627277 69 123 163 62 52 32 17 9 15 12 11 0 7 0 0 0 6 0 0 0
1237838115 69 124 163 63 52 32 17 9 15 12 11 0 7 0 0 0 6 0 0 0
1237876959 69 125 163 63 52 32 17 9 15 12 11 0 7 0 0 0 6 0 0 0
1237924787 69 134 163 64 52 32 17 9 15 12 11 0 7 0 0 0 6 0 0 0
1238007711 69 134 163 64 52 32 17 10 15 12 11 0 7 0 0 0 6 0 0 0
1238008561 69 134 163 64 52 32 17 11 15 12 11 0 7 0 0 0 6 0 0 0
1238049944 69 134 163 64 52 32 17 12 15 12 11 0 7 0 0 0 6 0 0 0
1238050995 69 135 163 64 52 32 17 13 15 12 11 0 7 0 0 0 6 0 0 0
1238175278 70 136 163 64 52 32 17 13 15 12 11 0 7 0 0 0 6 0 0 0
1238224598 72 136 163 64 52 32 17 13 15 12 11 0 7 0 0 0 6 0 0 0
1238348158 74 137 163 64 52 32 17 13 15 12 11 0 7 0 0 0 6 0 0 0
1238427111 74 138 163 64 52 32 17 13 15 12 11 0 7 0 0 0 6 0 0 0
1238538638 74 139 163 64 52 32 17 13 15 12 11 0 7 0 0 0 6 0 0 0
1238620838 75 139 163 64 52 32 17 13 15 12 11 0 7 0 0 0 6 0 0 0
1238688996 75 139 163 65 52 32 17 13 15 12 11 0 7 0 0 0 6 0 0 0
1238697739 75 140 163 65 52 32 17 13 15 12 11 0 7 0 0 0 6 0 0 0
1238781285 75 141 163 65 52 32 17 13 15 12 11 0 7 0 0 0 6 0 0 0
1239005002 75 141 163 65 52 33 17 13 15 12 11 0 7 0 0 0 6 0 0 0
1239036983 75 142 163 65 52 33 17 13 15 12 11 0 7 0 0 0 6 0 0 0
1239037009 75 143 163 65 52 33 17 13 15 12 11 0 7 0 0 0 6 0 0 0
1239038837 75 144 163 65 52 33 17 14 15 12 11 0 7 0 0 0 6 0 0 0
1239429734 76 144 163 65 52 33 17 14 15 12 11 0 7 0 0 0 6 0 0 0
1239431107 77 144 163 65 52 33 17 14 15 12 11 0 7 0 0 0 6 0 0 0
1239451950 77 144 163 67 52 33 17 14 15 12 11 0 7 0 0 0 6 0 0 0
1240007832 77 147 163 68 52 33 17 14 15 12 11 0 7 0 0 0 6 0 0 0
1240010837 77 148 163 68 52 33 17 14 15 12 11 0 7 0 0 0 6 0 0 0
1242246284 77 149 163 68 52 33 17 14 15 12 11 0 7 0 0 0 6 0 0 0
1242248898 77 151 163 68 52 33 17 14 15 12 11 0 7 0 0 0 6 0 0 0
1242340239 77 152 163 68 52 33 17 14 15 12 11 0 7 0 0 0 6 0 0 0
1244525585 77 152 163 68 52 33 17 14 15 12 11 0 7 0 0 0 6 0 0 1
1245567954 77 153 163 68 52 33 17 14 15 12 11 0 7 0 0 0 6 0 0 1
1246151063 77 154 163 68 52 33 17 14 15 12 11 0 7 0 0 0 6 0 0 1
1246392168 77 154 163 69 52 33 17 14 15 12 11 0 7 0 0 0 6 0 0 1
1246504175 77 155 163 69 52 33 17 14 15 12 11 0 7 0 0 0 6 0 0 1
1247160677 77 156 163 69 52 33 17 14 15 12 11 0 7 0 0 0 6 0 0 1
1247161496 77 157 163 69 52 33 17 14 15 12 11 0 7 0 0 0 6 0 0 1
1247249977 77 157 163 69 52 33 17 14 15 12 11 0 7 0 0 0 6 0 0 1
1247283005 77 158 163 69 52 33 17 14 15 12 11 0 7 0 0 0 6 0 0 1
1247559194 77 158 163 69 52 33 17 15 15 12 11 0 7 0 0 0 6 0 0 1
1247563772 77 158 163 69 52 33 17 15 15 12 11 0 7 0 0 0 6 0 0 1
1250166185 77 158 163 70 52 33 17 15 15 12 11 0 7 0 0 0 6 0 0 1
1250196797 77 160 163 71 52 33 17 15 15 12 11 0 7 0 0 0 6 0 0 1
1250316366 77 161 163 71 52 33 17 15 15 12 11 0 7 0 0 0 6 0 0 1
1250617312 77 162 163 71 52 33 17 15 15 12 11 0 7 0 0 0 6 0 0 1
1250617949 77 170 163 72 52 33 17 15 15 12 11 0 7 0 0 0 6 0 0 1
1250719733 77 170 163 73 52 33 17 15 15 12 11 0 7 0 0 0 6 0 0 1
1250721319 77 171 163 73 52 33 17 15 15 12 11 0 7 0 0 0 6 0 0 1
1250731195 77 171 163 74 52 33 17 15 15 12 11 0 7 0 0 0 6 0 0 2
1251008237 77 172 163 77 52 33 17 15 15 12 11 0 7 0 0 0 6 0 0 2
1251013462 77 173 163 77 52 33 17 15 15 12 11 0 7 0 0 0 6 0 0 2
1251056309 77 173 163 77 52 33 17 15 15 12 11 0 7 0 0 0 6 0 0 2
1251184752 78 173 163 77 52 33 17 15 15 12 11 0 7 0 0 0 6 0 0 2
1251279374 79 175 163 77 52 33 17 15 15 12 11 0 7 0 0 0 6 0 0 2
1251323481 79 175 163 78 52 33 17 15 15 12 11 0 7 0 0 0 6 0 0 2
1251837742 79 176 163 78 52 33 17 15 15 12 11 0 7 0 0 0 6 0 0 2
1251928629 79 177 163 83 52 33 17 15 15 12 11 0 7 0 0 0 6 0 0 2
1252592486 79 178 163 83 52 33 17 15 15 12 11 0 7 0 0 0 6 0 0 2
1252620213 79 179 163 84 52 33 17 15 15 12 11 0 7 0 0 0 6 0 0 2
1252953100 79 180 163 84 52 33 17 15 15 12 11 0 7 0 0 0 6 0 0 2
1252953117 79 181 163 84 52 33 17 15 15 12 11 0 7 0 0 0 6 0 0 2
1252953146 79 182 163 84 52 33 17 15 15 12 11 0 7 0 0 0 6 0 0 2
1252968717 79 183 163 84 52 33 17 15 15 12 11 0 7 0 0 0 6 0 0 2
1253035089 79 184 163 84 52 33 17 15 15 12 11 0 7 0 0 0 6 0 0 2
1253168897 79 185 163 84 52 33 17 15 15 12 11 0 7 0 0 0 6 0 0 2
1253170453 79 186 163 84 52 33 17 15 15 12 11 0 7 0 0 0 6 0 0 2
1253197321 79 186 163 86 52 33 17 15 15 12 11 0 7 0 0 0 6 0 0 2
1253310995 79 186 163 86 52 33 17 15 15 12 11 0 7 0 0 0 6 0 0 2
1253615698 79 186 163 87 52 33 17 15 15 12 11 0 7 0 0 0 6 0 0 2
1254871361 80 186 163 87 52 33 17 15 15 12 11 0 7 0 0 0 6 0 0 2
1254893702 81 186 163 87 52 33 17 15 15 12 11 0 7 0 0 0 6 0 0 2
1254896569 82 186 163 87 52 33 17 15 15 12 11 0 7 0 0 0 6 0 0 2
1254899875 83 186 163 87 52 33 17 15 15 12 11 0 7 0 0 0 6 0 0 2
1254900126 84 186 163 87 52 33 17 15 15 12 11 0 7 0 0 0 6 0 0 2
1254957864 85 186 163 87 52 33 17 15 15 12 11 0 7 0 0 0 6 0 0 2
1254961726 86 186 163 87 52 33 17 15 15 12 11 0 7 0 0 0 6 0 0 2
1254965270 88 187 163 87 52 33 17 15 15 12 11 0 7 0 0 0 6 0 0 2
1254983788 88 187 163 87 52 33 17 15 15 12 11 0 7 0 0 0 6 0 0 2
1255350583 88 187 163 88 52 33 17 15 15 12 11 0 7 0 0 0 6 0 0 2
1255504319 89 187 163 88 52 33 17 15 15 12 11 0 7 0 0 0 6 0 0 2
1255848988 90 191 163 88 52 33 17 15 15 12 11 0 7 0 0 0 6 0 0 2
1256247135 90 191 163 88 52 33 17 15 15 12 11 0 7 0 0 0 6 0 0 2
1256365424 90 192 163 88 52 33 17 15 15 12 11 0 7 0 0 0 6 0 0 2
1256505192 90 193 163 89 52 33 17 15 15 12 11 0 7 0 0 0 6 0 0 2
1256506292 90 193 163 90 52 33 17 15 15 12 11 0 7 0 0 0 6 0 0 2
1256725529 90 193 163 91 52 33 17 15 15 12 11 0 7 0 0 0 6 0 0 2
1256727065 90 193 163 93 52 33 17 15 15 12 11 0 7 0 0 0 6 0 0 2
1256784610 90 194 163 93 52 33 17 15 15 12 11 0 7 0 0 0 6 0 0 2
1256796780 90 194 163 93 52 33 17 15 15 12 11 0 7 0 0 0 6 0 0 2
1256799305 90 196 163 93 52 33 17 15 15 12 11 0 7 0 0 0 6 0 0 2
1256835276 90 197 163 93 52 33 17 15 15 12 11 0 7 0 0 0 6 0 0 2
1256842432 90 197 163 94 52 33 17 15 15 12 11 0 7 0 0 0 6 0 0 2
1256918929 90 197 163 94 52 33 17 15 15 12 11 0 7 0 0 0 6 0 0 2
1256941507 91 198 163 94 52 33 17 15 15 12 11 0 7 0 0 0 6 0 0 2
1256954532 91 199 163 94 52 33 17 15 15 12 11 0 7 0 0 0 6 0 0 2
1257140268 91 200 163 94 52 33 17 15 15 12 11 0 7 0 0 0 6 0 0 2
1257141650 91 201 163 94 52 33 17 15 15 12 11 0 7 0 0 0 6 0 0 2
1257142965 91 202 163 94 52 33 17 15 15 12 11 0 7 0 0 0 6 0 0 2
1257154228 92 202 163 94 52 33 17 15 15 12 11 0 7 0 0 0 6 0 0 2
1257157813 93 202 163 94 52 33 17 15 15 12 11 0 7 0 0 0 6 0 0 2
1257182154 93 202 163 94 52 33 17 15 15 12 12 0 7 0 0 0 6 0 0 2
1257182206 93 202 163 95 52 33 17 15 15 12 12 0 7 0 0 0 6 0 0 2
1257331256 93 202 163 96 52 33 17 15 15 12 12 0 7 0 0 0 6 0 0 2
1257331589 93 202 163 97 52 33 17 15 15 12 12 0 7 0 0 0 6 0 0 2
1259117742 93 202 163 97 52 33 17 15 15 12 12 0 7 0 0 0 6 0 0 3
1259133427 93 202 163 97 52 33 17 15 15 12 12 0 7 0 0 0 6 0 0 4
1259300397 94 204 163 97 52 33 17 15 15 12 12 0 7 0 0 0 6 0 0 4
1261815645 94 204 163 97 53 33 17 15 15 12 12 0 7 0 0 0 6 0 0 4
1261815692 94 204 163 97 54 33 17 15 15 12 12 0 7 0 0 0 6 0 0 4
1261820927 94 204 163 97 55 33 17 15 15 12 12 0 7 0 0 0 6 0 0 4
1261832647 94 204 163 98 55 33 17 15 15 12 12 0 7 0 0 0 6 0 0 4
1262090769 94 204 163 99 55 33 17 15 15 12 12 0 7 0 0 0 6 0 0 4
1262100867 94 204 163 100 55 33 17 15 15 12 12 0 7 0 0 0 6 0 0 4
1263348784 94 204 163 101 55 33 17 15 15 12 12 0 7 0 0 0 6 0 0 4
1266278032 94 205 163 101 55 33 17 15 15 12 12 0 7 0 0 0 6 0 0 4
1266872968 94 205 163 102 55 33 17 15 15 12 12 0 7 0 0 0 6 0 0 4
1266873064 94 205 163 102 55 33 17 15 15 12 12 0 7 0 0 0 6 0 0 4
1267024583 94 205 163 103 55 33 17 15 15 12 12 0 7 0 0 0 6 0 0 4
1269128199 94 205 164 103 55 33 17 15 15 12 12 0 7 0 0 0 6 0 0 4
1270259783 94 206 164 103 55 33 17 15 15 12 12 0 7 0 0 0 6 0 0 4
1271741601 94 206 164 103 56 33 17 15 15 12 12 0 7 0 0 0 6 0 0 4
1275645676 94 206 164 104 56 33 17 15 15 12 12 0 7 0 0 0 6 0 0 4
1283155869 94 206 164 105 56 33 17 15 15 12 12 0 7 0 0 0 6 0 0 4
1288738815 94 206 164 105 56 33 17 15 15 12 12 0 7 0 0 1 6 0 0 4
1288741084 94 206 164 105 56 33 17 15 15 12 12 0 7 0 0 2 6 0 0 4
1288741380 94 206 164 105 56 33 17 15 15 12 12 0 7 0 0 3 6 0 0 4
1289398284 94 206 164 106 56 33 17 15 15 12 12 0 7 0 0 3 6 0 0 4
1289425933 94 206 164 107 56 33 17 15 15 12 12 0 7 0 0 3 6 0 0 4
1289435866 94 206 164 108 56 33 17 15 15 12 12 0 7 0 0 3 6 0 0 4
1289440127 94 206 164 109 56 33 17 15 15 12 12 0 7 0 0 3 6 0 0 4
1289444266 94 206 164 110 56 33 17 15 15 12 12 0 7 0 0 3 6 0 0 4
1289579766 94 206 164 111 56 33 17 15 15 12 12 0 7 0 0 3 6 0 0 4
1289584746 94 206 164 112 56 33 17 15 15 12 12 0 7 0 0 3 6 0 0 4
1298969396 94 206 164 113 56 33 17 15 15 12 12 0 7 0 0 3 6 0 0 4
1298975429 94 206 164 114 56 33 17 15 15 12 12 0 7 0 0 3 6 0 0 4
1310105468 94 206 164 114 56 33 17 15 15 12 12 0 7 0 0 4 6 0 0 4
1310105569 94 206 164 114 56 33 17 15 15 12 12 0 7 0 0 5 6 0 0 4
1310427777 95 206 164 114 56 33 17 15 15 12 12 0 7 0 0 5 6 0 0 4
1310433179 96 206 164 114 56 33 17 15 15 12 12 0 7 0 0 5 6 0 0 4
1310434743 97 206 164 114 56 33 17 15 15 12 12 0 7 0 0 5 6 0 0 4
1310455614 98 206 164 114 56 33 17 15 15 12 12 0 7 0 0 5 6 0 0 4
1310455918 99 206 164 114 56 33 17 15 15 12 12 0 7 0 0 5 6 0 0 4
1310456224 100 206 164 114 56 33 17 15 15 12 12 0 7 0 0 5 6 0 0 4
1310522430 100 206 164 114 57 33 17 15 15 12 12 0 7 0 0 5 6 0 0 4
1310593762 100 206 164 115 57 33 17 15 15 12 12 0 7 0 0 5 6 0 0 4
1310707672 100 206 164 116 57 33 17 15 15 12 12 0 7 0 0 5 6 0 0 4
1310986162 100 206 164 117 57 33 17 15 15 12 12 0 7 0 0 5 6 0 0 4
1311009108 100 206 164 118 57 33 17 15 15 12 12 0 7 0 0 5 6 0 0 4
1311009953 100 206 164 119 57 33 17 15 15 12 12 0 7 0 0 5 6 0 0 4
1311781584 101 206 164 119 57 33 17 15 15 12 12 0 7 0 0 5 6 0 0 4
1312811274 101 206 164 120 57 33 17 15 15 12 12 0 7 0 0 5 6 0 0 4
1312813942 101 206 164 121 57 33 17 15 15 12 12 0 7 0 0 5 6 0 0 4
1312814364 105 206 164 122 57 33 17 15 15 12 12 0 7 0 0 5 6 0 0 4
1312913422 106 206 164 122 57 33 17 15 15 12 12 0 7 0 0 5 6 0 0 4
1312913902 107 206 164 122 57 33 17 15 15 12 12 0 7 0 0 5 6 0 0 4
1312927071 108 206 164 122 57 33 17 15 15 12 12 0 7 0 0 5 6 0 0 4
1312990845 109 206 164 122 57 33 17 15 15 12 12 0 7 0 0 5 6 0 0 4
1314446206 109 206 164 123 57 33 17 15 15 12 12 0 7 0 0 5 6 0 0 4
1315020550 109 206 164 124 57 33 17 15 15 12 12 0 7 0 0 5 6 0 0 4
1317110226 110 206 164 124 57 33 17 15 15 12 12 0 7 0 0 5 6 0 0 4
1317112179 111 206 164 124 57 33 17 15 15 12 12 0 7 0 0 5 6 0 0 4
1317152766 112 206 164 124 57 33 17 15 15 12 12 0 7 0 0 5 6 0 0 4
1317153419 113 206 164 124 57 33 17 15 15 12 12 0 7 0 0 5 6 0 0 4
1317154281 114 206 164 124 57 33 17 15 15 12 12 0 7 0 0 5 6 0 0 4
1317170555 115 206 164 124 57 33 17 15 15 12 12 0 7 0 0 5 6 0 0 4
1317197083 116 206 164 124 57 33 17 15 15 12 12 0 7 0 0 5 6 0 0 4
1317197275 116 207 164 124 57 33 17 15 15 12 12 0 7 0 0 5 6 0 0 4
1317241929 117 207 164 124 57 33 17 15 15 12 12 0 7 0 0 5 6 0 0 4
1317244199 118 207 164 124 57 33 17 15 15 12 12 0 7 0 0 5 6 0 0 4
1317254688 119 207 164 124 57 33 17 15 15 12 12 0 7 0 0 5 6 0 0 4
1317255320 120 207 164 124 57 33 17 15 15 12 12 0 7 0 0 5 6 0 0 4
1317716350 121 207 164 124 57 33 17 15 15 12 12 0 7 0 0 5 6 0 0 4
1317716994 121 207 164 124 57 33 17 15 15 12 12 0 7 0 0 5 6 0 0 4
1318445138 122 207 164 124 57 33 17 15 15 12 12 0 7 0 0 5 6 0 0 4
1318886684 123 207 164 124 57 33 17 15 15 12 12 0 7 0 0 5 6 0 0 5
1318886952 124 207 164 124 57 33 17 15 15 12 12 0 7 0 0 5 6 0 0 5
1318895390 124 207 164 124 57 33 17 15 15 12 12 0 7 0 0 5 6 0 0 5
1319738063 125 207 164 124 57 33 17 15 15 12 12 0 7 0 0 5 6 0 0 5
1320883473 134 207 164 124 57 33 17 15 15 12 12 0 7 1 0 5 6 0 0 5
1323737399 135 207 164 124 57 33 17 15 15 12 12 0 7 1 0 5 6 0 0 5
1323982401 136 207 164 124 57 33 17 15 15 12 12 0 7 1 0 5 6 0 0 5
1323998323 137 207 164 124 57 33 17 15 15 12 12 0 7 1 0 5 6 0 0 5
1324277590 138 207 164 124 57 33 17 15 15 12 12 0 7 1 0 5 6 0 0 5
1325643062 139 207 164 124 57 33 17 15 15 12 12 0 7 1 0 5 6 0 0 5
1325644072 140 207 164 124 57 33 17 15 15 12 12 0 7 1 0 5 6 0 0 5
1325799596 141 207 164 124 57 33 17 15 15 12 12 0 7 1 0 5 6 0 0 5
1325838034 142 207 164 124 57 33 17 15 15 12 12 0 7 1 0 5 6 0 0 5
1326083026 143 207 164 124 57 33 17 15 15 12 12 0 7 1 0 5 6 0 0 5
1326083227 144 207 164 124 57 33 17 15 15 12 12 0 7 1 0 5 6 0 0 5
1326237668 145 207 164 124 57 33 17 15 15 12 12 0 7 1 0 5 6 0 0 5
1326328762 146 207 164 124 57 33 17 15 15 12 12 0 7 1 0 5 6 0 0 5
1326329567 147 207 164 124 57 33 17 15 15 12 12 0 7 1 0 5 6 0 0 5
1326332425 148 207 164 124 57 33 17 15 15 12 12 0 7 1 0 5 6 0 0 5
1326338991 148 208 164 124 57 33 17 15 15 12 12 0 7 1 0 5 6 0 0 5
1326347490 149 208 164 124 57 33 17 15 15 12 12 0 7 1 0 5 6 0 0 5
1326919562 150 208 164 124 57 33 17 15 15 12 12 0 7 1 0 5 6 0 0 5
1327558391 150 209 164 124 57 33 17 15 15 12 12 0 7 1 0 5 6 0 0 5
1327560561 151 209 164 124 57 33 17 15 15 12 12 0 7 1 0 5 6 0 0 5
1327608468 152 209 164 124 57 33 17 15 15 12 12 0 7 1 0 5 6 0 0 5
1327610167 153 209 164 124 57 33 17 15 15 12 12 0 7 1 0 5 6 0 0 5
1327735997 153 211 164 124 57 33 17 15 15 12 12 0 7 1 0 5 6 0 0 5
1327737830 153 213 164 124 57 33 17 15 15 12 12 0 7 1 0 5 6 0 0 5
1328148320 154 214 164 124 57 33 17 15 15 12 12 0 7 1 0 5 6 0 0 5
1328211170 154 214 164 124 57 33 17 15 15 12 12 0 7 2 0 5 6 0 0 5
1343381234 160 214 164 124 57 33 17 15 15 12 12 0 7 2 0 5 6 0 0 5
1343381597 161 214 164 124 57 33 17 15 15 12 12 0 7 2 0 5 6 0 0 5
1343550886 162 214 164 124 57 33 17 15 15 12 12 0 7 2 0 5 6 0 0 5
1343600096 163 214 164 124 57 33 17 15 15 12 12 0 7 2 0 5 6 0 0 5
1343601690 164 214 164 124 57 33 17 15 15 12 12 0 7 2 0 5 6 0 0 5
1343603776 164 214 164 124 57 33 17 15 15 12 12 0 7 2 0 5 6 0 0 5
1343605472 165 214 164 124 57 33 17 15 15 12 12 0 7 2 0 5 6 0 0 5
1343606660 166 214 164 124 57 34 17 15 15 12 12 0 7 2 0 5 6 0 0 5
1343611676 167 214 164 124 57 34 17 15 15 12 12 0 7 2 0 5 6 0 0 5
1343620411 168 214 164 124 57 34 17 15 15 12 12 0 7 2 0 5 6 0 0 5
1343621097 169 214 164 124 57 34 17 15 15 12 12 0 7 2 0 5 6 0 0 5
1343622818 170 214 164 124 57 34 17 15 15 12 12 0 7 2 0 5 6 0 0 5
1343625665 171 214 164 124 57 34 17 15 15 12 12 0 7 2 0 5 6 0 0 5
1343680274 172 214 164 124 57 34 17 15 15 12 12 0 7 2 0 5 6 0 0 5
1346502677 176 214 164 125 57 34 17 15 15 12 12 0 7 2 0 5 6 0 0 5
1346654747 177 214 164 125 57 34 17 15 15 12 12 0 7 2 0 5 6 0 0 5
1346712299 178 214 164 125 57 34 17 15 15 12 12 0 7 2 0 5 6 0 0 5
1347974137 178 214 164 125 57 34 17 15 15 13 12 0 7 2 0 5 6 0 0 5
1350471073 178 214 164 126 57 34 17 15 15 13 12 0 7 2 0 5 6 0 0 5
1350479407 178 214 164 127 57 34 17 15 15 13 12 0 7 2 0 5 6 0 0 5
1354561009 178 214 164 127 57 34 17 15 15 14 12 0 7 2 0 5 6 0 0 5
1356935234 178 214 164 127 57 34 17 15 15 14 12 0 7 2 0 5 6 0 0 5
1386405077 179 214 164 127 57 34 17 15 15 14 12 0 7 2 0 5 6 0 0 5
1386535712 180 214 164 127 57 34 17 15 15 14 12 0 7 2 0 5 6 0 0 5
1386552795 180 214 164 127 57 34 17 15 15 14 12 0 7 2 0 5 6 0 0 5
1386555255 181 214 164 130 57 34 17 15 15 14 12 0 7 2 0 5 6 0 0 5
1386555939 182 214 164 130 57 34 17 15 15 14 12 0 7 2 0 5 6 0 0 5
1387510353 183 214 164 130 57 34 17 15 15 14 12 0 7 2 0 5 6 0 0 5
1387525974 184 214 164 130 57 34 17 15 15 14 12 0 7 2 0 5 6 0 0 5
1387565394 184 214 164 130 57 34 17 15 15 14 12 0 7 2 0 5 6 0 0 5
1387574743 185 214 164 130 57 34 17 15 15 14 12 0 7 2 0 5 6 0 0 5
1387575197 188 214 164 130 57 34 17 15 15 14 12 0 7 2 0 5 6 0 0 5
1391242593 188 214 164 130 57 34 18 15 15 14 12 0 7 2 0 5 6 0 0 5
1391245766 188 214 164 130 57 34 19 15 15 14 12 0 7 2 0 5 6 0 0 5
1391285672 188 214 164 130 57 34 20 15 15 14 12 0 7 2 0 5 6 0 0 5
1391370211 188 214 164 130 57 34 21 15 15 14 12 0 7 2 0 5 6 0 0 5
1391384500 188 214 164 130 57 34 23 15 15 14 12 0 7 2 0 5 6 0 0 5
1392586742 188 214 164 130 57 34 25 15 15 14 12 0 7 2 0 5 6 0 0 5
1397715184 202 214 164 130 57 34 25 15 15 14 12 0 7 2 0 5 6 0 0 5
1397721101 203 214 164 130 57 34 25 15 15 14 12 0 7 2 0 5 6 0 0 5
1397721296 204 214 164 130 57 34 25 15 15 14 12 0 7 2 0 5 6 0 0 5
1397760247 205 214 164 130 57 34 25 15 15 14 12 0 7 2 0 5 6 0 0 5
1397769307 206 214 164 130 57 34 25 15 15 14 12 0 7 2 0 5 6 0 0 5
1397771374 207 214 164 130 57 34 25 15 15 14 12 0 7 2 0 5 6 0 0 5
1397773665 208 214 164 130 57 34 25 15 15 14 12 0 7 2 0 5 6 0 0 5
1397775591 209 214 164 130 57 34 25 15 15 14 12 0 7 2 0 5 6 0 0 5
1397934929 210 214 164 130 57 34 25 15 15 14 12 0 7 2 0 5 6 0 0 5
1397948608 211 214 164 130 57 34 25 15 15 14 12 0 7 2 0 5 6 0 0 5
1398638714 212 214 164 130 57 34 25 15 15 14 12 0 7 2 0 5 6 0 0 5
1398664455 213 214 164 130 57 34 25 15 15 14 12 0 7 2 0 5 6 0 0 5
1398665374 214 214 164 130 57 34 25 15 15 14 12 0 7 2 0 5 6 0 0 5
1398665463 215 214 164 130 57 34 25 15 15 14 12 0 7 2 0 5 6 0 0 5
1398820427 216 214 164 130 57 34 25 15 15 14 12 0 7 2 0 5 6 0 0 5
1398843344 217 214 164 130 57 34 25 15 15 14 12 0 7 2 0 5 6 0 0 5
1398982336 218 214 164 130 57 34 25 15 15 14 12 0 7 2 0 5 6 0 0 5
1399791785 219 214 164 130 57 34 25 15 15 14 12 0 7 2 0 5 6 0 0 5
1401301977 220 214 164 130 57 34 25 15 15 14 12 0 7 2 0 5 6 0 0 5
1413170508 221 214 164 130 57 34 25 15 15 14 12 0 7 2 0 5 6 0 0 5
1413171351 222 214 164 130 57 34 25 15 15 14 12 0 7 6 0 6 6 0 0 5
1418615437 223 214 164 130 57 34 25 15 15 14 12 0 7 6 0 6 6 0 0 5
1418626882 224 214 164 130 57 34 25 15 15 14 12 0 7 6 0 6 6 0 0 5
1419735415 225 214 164 130 57 34 25 15 15 14 12 0 7 6 0 6 6 0 0 5
1419737019 226 214 164 130 57 34 25 15 15 14 12 0 7 6 0 6 6 0 0 5
1420094453 227 214 164 130 57 34 25 15 15 14 12 0 7 6 0 6 6 0 0 5
1420095420 229 214 164 130 57 34 25 15 15 14 12 0 7 6 0 6 6 0 0 5
1420184908 230 214 164 130 57 34 25 15 15 14 12 0 7 6 0 6 6 0 0 5
1420185313 231 214 164 130 57 34 25 15 15 14 12 0 7 6 0 6 6 0 0 5
1420190186 232 214 164 130 57 34 25 15 15 14 12 0 7 6 0 6 6 0 0 5
1420262718 233 214 164 130 57 34 25 15 15 14 12 0 7 6 0 6 6 0 0 5
1420356842 234 214 164 130 57 34 25 15 15 14 12 0 7 6 0 6 6 0 0 5
1420418834 235 214 164 130 57 34 25 15 15 14 12 0 7 6 0 6 6 0 0 5
1420424729 236 214 164 130 57 34 25 15 15 14 12 0 7 6 0 6 6 0 0 5
1420435063 237 214 164 130 57 34 25 15 15 14 12 0 7 6 0 6 6 0 0 5
1420436749 238 214 164 130 57 34 25 15 15 14 12 0 7 6 0 6 6 0 0 5
1420440841 239 214 164 130 57 34 25 15 15 14 12 0 7 6 0 6 6 0 0 5
1420608535 240 214 164 130 57 34 25 15 15 14 12 0 7 6 0 6 6 0 0 5
1420611734 241 214 164 130 57 34 25 15 15 14 12 0 7 6 0 6 6 0 0 5
1420623461 242 214 164 130 57 34 25 15 15 14 12 0 7 6 0 6 6 0 0 5
1420687991 243 214 164 130 57 34 25 15 15 14 12 0 7 6 0 6 6 0 0 5
1420700622 244 214 164 130 57 34 25 15 15 14 12 0 7 6 0 6 6 0 0 5
1420706116 245 214 164 130 57 34 25 15 15 14 12 0 7 6 0 6 6 0 0 5
1420706192 246 214 164 130 57 34 25 15 15 14 12 0 7 6 0 6 6 0 0 5
1420765867 247 214 164 130 57 34 25 15 15 14 12 0 7 6 0 6 6 0 0 5
1420769684 248 214 164 130 57 34 25 15 15 14 12 0 7 6 0 6 6 0 0 5
1420770891 249 214 164 130 57 34 25 15 15 14 12 0 7 6 0 6 6 0 0 5
1420773531 250 214 164 130 57 34 25 15 15 14 12 0 7 6 0 6 6 0 0 5
1420857917 251 214 164 130 57 34 25 15 15 14 12 0 7 6 0 6 6 0 0 5
1420858958 252 214 164 130 57 34 25 15 15 14 12 0 7 6 0 6 6 0 0 5
1420861059 253 214 164 130 57 34 25 15 15 14 12 0 7 6 0 6 6 0 0 5
1420875281 254 214 164 130 57 34 25 15 15 14 12 0 7 6 0 6 6 0 0 5
1423270922 255 214 164 130 57 34 25 15 15 14 12 0 7 6 0 6 6 0 0 5
1423270985 256 214 164 130 57 34 25 15 15 14 12 0 7 6 0 6 6 0 0 5
1423816357 257 214 164 130 57 34 25 15 15 14 12 0 7 6 0 6 6 0 0 5
1429488917 258 214 164 130 57 34 25 15 15 14 12 0 7 6 0 6 6 0 0 5
1429505598 259 214 164 130 57 34 25 15 15 14 12 0 7 6 0 6 6 0 0 5
1429859029 260 214 164 130 57 34 25 15 15 14 12 0 7 6 0 6 6 0 0 5
1429948835 261 214 164 130 57 34 25 15 15 14 12 0 7 6 0 6 6 0 0 5
1429994858 262 214 164 130 57 34 25 15 15 14 12 0 7 6 0 6 6 0 0 5
1436058686 263 214 164 130 57 34 25 15 15 14 12 0 7 6 0 6 6 0 0 5
1445899809 264 214 164 130 57 34 25 15 15 14 12 0 7 6 0 6 6 0 0 5
1447842061 265 214 164 130 57 34 25 15 15 14 12 0 7 6 0 6 6 0 0 5
1447842955 265 214 164 130 57 34 25 15 15 14 12 0 7 6 0 6 6 0 3 5
1447897365 265 214 164 130 57 34 25 15 15 14 12 0 7 6 0 6 6 0 3 5
1447916901 280 214 164 130 57 34 25 15 15 14 12 0 7 6 0 6 6 0 3 5
1447975573 281 214 164 130 57 34 25 15 15 14 12 0 7 6 0 6 6 0 3 5
1447981383 282 214 164 130 57 34 25 15 15 14 12 0 7 6 0 6 6 0 3 5
1453115508 282 214 164 130 57 34 25 15 15 14 12 0 7 6 0 6 6 0 3 5
1464478313 283 214 164 130 57 34 25 15 15 14 12 0 7 6 0 6 6 0 3 5
1464481571 284 214 164 130 57 34 25 15 15 14 12 0 7 6 4 6 6 0 3 5
1464497902 285 214 164 130 57 34 25 15 15 14 12 0 7 6 4 6 6 0 3 5
1464497932 286 214 164 130 57 34 25 15 15 14 12 0 7 6 4 6 6 0 3 5
1464503605 287 214 164 130 57 34 25 15 15 14 12 0 7 6 4 6 6 0 3 5
1464504265 288 214 164 130 57 34 25 15 15 14 12 0 7 6 4 6 6 0 3 5
1464735774 289 214 164 130 57 34 25 15 15 14 12 0 7 6 4 6 6 0 3 5
1466122402 305 214 164 130 57 34 25 15 15 14 12 0 7 6 4 6 6 0 3 5
1466279683 305 214 164 130 57 34 25 15 15 14 12 0 7 6 4 6 6 0 3 5
1466471534 306 214 164 130 57 34 25 15 15 14 12 0 7 6 4 6 6 0 3 5
1466553789 308 214 164 130 57 34 25 15 15 14 12 0 7 6 4 6 6 0 3 5
1466745603 313 214 164 130 57 34 25 15 15 14 12 0 7 6 4 6 6 0 3 5
1466756250 314 214 164 130 57 34 25 15 15 14 12 0 7 6 4 6 6 0 3 5
1466786160 314 214 164 130 58 34 25 15 15 14 12 0 7 6 4 6 6 0 3 5
1466811442 314 214 164 130 58 34 25 15 15 14 12 0 7 6 4 6 6 0 3 5
1467055873 315 214 164 130 58 34 25 15 15 14 12 0 7 6 4 6 6 0 3 5
1467070000 316 214 164 130 58 34 25 15 15 14 12 0 7 6 4 6 6 0 3 5
1467072488 317 214 164 130 58 34 25 15 15 14 12 0 7 6 4 6 6 0 3 5
1467080831 318 214 164 130 58 34 25 15 15 14 12 0 7 6 4 6 6 0 3 5
1467086425 319 214 164 130 58 34 25 15 15 14 12 0 7 6 4 6 6 0 3 5
1467145281 320 214 164 130 58 34 25 15 15 14 12 0 7 6 4 6 6 0 3 5
1467146932 321 214 164 130 58 34 25 15 15 14 12 0 7 6 4 6 6 0 3 5
1467328873 321 214 164 130 58 34 25 15 15 14 12 0 7 6 4 6 6 0 3 5
1468307219 322 214 164 130 58 34 25 15 15 14 12 0 7 6 4 6 6 0 3 5
1468369823 323 214 164 130 58 34 25 15 15 14 12 0 7 6 4 6 6 0 3 5
1468371736 324 214 164 130 58 34 25 15 15 14 12 0 7 6 4 6 6 0 3 5
1468374087 333 214 164 130 58 34 25 15 15 14 12 0 7 6 4 6 6 0 3 5
1468389281 334 214 164 130 58 34 25 15 15 14 12 0 7 6 4 6 6 0 3 5
1468433574 335 214 164 130 58 34 25 15 15 14 12 0 7 6 4 6 6 0 3 5
1468433606 336 214 164 130 58 34 25 15 15 14 12 0 7 6 4 6 6 0 3 5
1468436698 337 214 164 130 58 34 25 15 15 14 12 0 7 6 4 6 6 0 3 5
1468438986 338 214 164 130 58 34 25 15 15 14 12 0 7 6 4 6 6 0 3 5
1468601944 339 214 164 130 58 34 25 15 15 14 12 0 7 6 4 6 6 0 3 5
1469941302 340 214 164 130 58 34 25 15 15 14 12 0 7 6 4 6 6 0 3 5
1470683487 341 214 164 130 58 34 25 15 15 14 12 0 7 6 4 6 6 0 3 5
1470951522 342 214 164 130 58 34 25 15 15 14 12 0 7 6 4 6 6 0 3 5
1470951796 343 214 164 130 58 34 25 15 15 14 12 0 7 6 6 6 6 0 3 5
1470952186 344 214 164 130 58 34 25 15 15 14 12 0 7 6 6 6 6 0 3 5
1471066849 345 214 164 130 58 34 25 15 15 14 12 0 7 6 6 6 6 0 3 5
1471068330 346 214 164 130 58 34 25 15 15 14 12 0 7 6 6 6 6 0 3 5
1471115408 347 214 164 130 58 34 25 15 15 14 12 0 7 6 6 6 6 0 3 5
1471653249 358 214 164 130 58 34 25 15 15 14 12 0 7 6 6 6 6 0 3 5
1473281244 359 214 164 130 58 34 25 15 15 14 12 0 7 6 6 6 6 0 3 5
1476244794 360 214 164 130 58 34 25 15 15 14 12 0 7 6 6 6 6 0 3 5
1476246451 361 214 164 130 58 34 25 15 15 14 12 0 7 6 6 6 6 0 3 5
1476258029 362 214 164 130 58 34 25 15 15 14 12 0 7 6 6 6 6 0 3 5
1476305447 363 214 164 130 58 34 25 15 15 14 12 0 7 6 6 6 6 0 3 5
1481878796 364 214 164 130 58 34 25 15 15 14 12 0 7 6 6 6 6 0 3 5
1481878961 365 214 164 130 58 34 25 15 15 14 12 0 7 6 6 6 6 0 3 5
1482108513 366 214 164 130 58 34 25 15 15 14 12 0 7 6 6 6 6 0 3 5
1482111159 367 214 164 130 58 34 25 15 15 14 12 0 7 6 6 6 6 0 3 5
1482111497 368 214 164 130 58 34 25 15 15 14 12 0 7 6 6 6 6 0 3 5
1482112396 369 214 164 130 58 34 25 15 15 14 12 0 7 6 6 6 6 0 3 5
1482115155 370 214 164 130 58 34 25 15 15 14 12 0 7 6 6 6 6 0 3 5
1482192056 371 214 164 130 58 34 25 15 15 14 12 0 7 6 6 6 6 0 3 5
1482192302 372 214 164 130 58 34 25 15 15 14 12 0 7 6 6 6 6 0 3 5
1482830849 373 214 164 130 58 34 25 15 15 14 12 0 7 6 6 6 6 0 3 5
1483126141 374 214 164 130 58 34 25 15 15 14 12 0 7 6 6 6 6 0 3 5
1483147490 378 214 164 130 58 34 25 15 15 14 12 0 7 6 6 6 6 0 3 5
1483342858 379 214 164 130 58 34 25 15 15 14 12 0 7 6 6 6 6 0 3 5
1483691389 380 214 164 130 58 34 25 15 15 14 12 0 7 6 6 6 6 0 3 5
1483833991 381 214 164 130 58 34 25 15 15 14 12 0 7 6 6 6 6 0 3 5
1483836580 382 214 164 130 58 34 25 15 15 14 12 0 7 6 6 6 6 0 3 5
1483837027 383 214 164 130 58 34 25 15 15 14 12 0 7 6 6 6 6 0 3 5
1483837459 388 214 164 130 58 34 25 15 15 14 12 0 7 6 6 6 6 0 3 5
1483933412 389 214 164 130 58 34 25 15 15 14 12 0 7 6 6 6 6 0 3 5
1485143198 402 214 164 130 58 34 25 15 15 14 12 0 7 6 6 6 6 0 3 5
1485145398 403 214 164 130 58 34 25 15 15 14 12 0 7 6 6 6 6 0 3 5
1485147965 404 214 164 130 58 34 25 15 15 14 12 0 7 6 6 6 6 0 3 5
1485149047 405 214 164 130 58 34 25 15 15 14 12 0 7 6 6 6 6 0 3 5
1485313001 406 214 164 130 58 34 25 15 15 14 12 0 7 6 6 6 6 0 3 5
1485394242 407 214 164 130 58 34 25 15 15 14 12 0 7 6 6 6 6 0 3 5
1485555341 408 214 164 130 58 34 25 15 15 14 12 0 7 6 6 6 6 0 3 5
1485822713 410 214 164 130 58 34 25 15 15 14 12 0 7 6 6 6 6 0 3 5
1485832224 411 214 164 130 58 34 25 15 15 14 12 0 7 6 6 6 6 0 3 5
1486343728 412 214 164 130 58 34 25 15 15 14 12 0 7 6 6 6 6 0 3 5
1486345471 413 214 164 130 58 34 25 15 15 14 12 0 7 6 6 6 6 0 3 5
1487151006 413 214 164 130 58 34 25 15 15 14 12 0 7 6 6 6 6 0 3 5
1488133179 414 214 164 130 58 34 25 15 15 14 12 0 7 6 6 6 6 0 3 5
1488133236 415 214 164 130 58 34 25 15 15 14 12 0 7 6 6 6 6 0 3 5
1488134380 416 214 164 130 58 34 25 15 15 14 12 0 7 6 6 6 6 0 3 5
1488135761 417 214 164 130 58 34 25 15 15 14 12 0 7 6 6 6 6 0 3 5
1488136138 418 214 164 130 58 34 25 15 15 14 12 0 7 6 6 6 6 0 3 5
1489972423 420 214 164 130 58 34 25 15 15 14 12 0 7 6 6 6 6 0 3 5
1493145381 421 214 164 130 58 34 25 15 15 14 12 0 7 6 6 6 6 0 3 5
1495404181 422 214 164 130 58 34 25 15 15 14 12 0 7 6 6 6 6 0 3 5
1495404616 423 214 164 130 58 34 25 15 15 14 12 0 7 6 6 6 6 0 3 5
1495404784 424 214 164 130 58 34 25 15 15 14 12 0 7 6 6 6 6 0 3 5
1495405552 425 214 164 130 58 34 25 15 15 14 12 0 7 6 6 6 6 0 3 5
1495406458 426 214 164 130 58 34 25 15 15 14 12 0 7 6 6 6 6 0 3 5
1495406632 427 214 164 130 58 34 25 15 15 14 12 0 7 6 6 6 6 0 3 5
1495428594 428 214 164 130 58 34 25 15 15 14 12 0 7 6 6 6 6 1 3 5
1496009646 430 214 164 130 58 34 25 15 15 14 12 0 7 6 6 6 6 1 3 5
1496123480 431 214 164 130 58 34 25 15 15 14 12 0 7 6 6 6 6 1 3 5
1496518473 432 214 164 130 58 34 25 15 15 14 12 0 7 6 6 6 6 1 3 5
1496602753 433 214 164 130 58 34 25 15 15 14 12 0 7 6 6 6 6 1 3 5
1496602837 434 214 164 130 58 34 25 15 15 14 12 0 7 6 6 6 6 1 3 5
1496604375 436 214 164 130 58 34 25 15 15 14 12 0 7 6 6 6 6 1 3 5
1496617117 437 214 164 130 58 34 25 15 15 14 12 0 7 6 6 6 6 1 3 5
1498091088 438 214 164 130 58 34 25 15 15 14 12 0 7 6 6 6 6 1 3 5
1498178921 442 214 164 130 58 34 25 15 15 14 12 0 7 6 6 6 6 1 3 5
1498206080 443 214 164 130 58 34 25 15 15 14 12 0 7 6 6 6 6 1 3 5
1498291623 444 214 164 130 58 34 25 15 15 14 12 0 7 6 6 6 6 1 3 5
1498330276 445 214 164 130 58 34 25 15 15 14 12 0 7 6 6 6 6 1 3 5
1499132465 446 214 164 130 58 34 25 15 15 14 12 0 7 6 6 6 6 1 3 5
1499153559 447 214 164 130 58 34 25 15 15 14 12 0 7 6 6 6 6 1 3 5
1500247689 448 214 164 130 58 34 25 15 15 14 12 0 7 6 6 6 6 1 3 5
1500456794 449 214 164 130 58 34 25 15 15 14 12 0 7 6 6 6 6 1 3 5
1501093108 450 214 164 130 58 34 25 15 15 14 12 0 7 6 6 6 6 1 3 5
1501095639 451 214 164 130 58 34 25 15 15 14 12 0 7 6 6 6 6 1 3 5
1501106928 452 214 164 130 58 34 25 15 15 14 12 0 7 6 6 6 6 1 3 5
1501114423 453 214 164 130 58 34 25 15 15 14 12 4 7 6 6 6 6 1 3 5
1503558465 454 214 164 130 58 34 25 15 15 14 12 4 7 6 6 6 6 1 3 5
1503559604 455 214 164 130 58 34 25 15 15 14 12 4 7 6 6 6 6 1 3 5
1503559674 456 214 164 130 58 34 25 15 15 14 12 4 7 6 6 6 6 1 3 5
1503559935 457 214 164 130 58 34 25 15 15 14 12 4 7 6 6 6 6 1 3 5
1503634645 458 214 164 130 58 34 25 15 15 14 12 4 7 6 6 6 6 1 3 5
1503634808 459 214 164 130 58 34 25 15 15 14 12 4 7 6 6 6 6 1 3 5
1503859887 460 214 164 130 58 34 25 15 15 14 12 4 7 6 6 6 6 1 3 5
1503951015 461 214 164 130 58 34 25 15 15 14 12 4 7 6 6 6 6 1 3 5
1506382037 462 214 164 130 58 34 25 15 15 14 12 4 7 6 6 6 6 1 3 5
1506382708 463 214 164 130 58 34 25 15 15 14 12 4 7 6 6 6 6 1 3 5
1506408865 464 214 164 130 58 34 25 15 15 14 12 4 7 6 6 6 6 1 3 5
1506461337 465 214 164 130 58 34 25 15 15 14 12 4 7 6 6 6 6 1 3 5
1506827682 466 214 164 130 58 34 25 15 15 14 12 4 7 6 6 6 6 1 3 5
1507955763 467 214 164 130 58 34 25 15 15 14 12 4 7 6 6 6 6 1 3 5
1508283802 468 214 164 130 58 34 25 15 15 14 12 4 7 6 6 6 6 1 3 5
1509315391 469 214 164 130 58 34 25 15 15 14 12 4 7 6 6 6 6 1 3 5
1509315694 470 214 164 130 58 34 25 15 15 14 12 4 7 6 6 6 6 1 3 5
1509316214 471 214 164 130 58 34 25 15 15 14 12 4 7 6 6 6 6 1 3 5
1509828870 472 214 164 130 58 34 25 15 15 14 12 4 7 6 6 6 6 1 3 5
1509909633 473 214 164 130 58 34 25 15 15 14 12 4 7 6 6 6 6 1 3 5
1510879005 474 214 164 130 58 34 25 15 15 14 12 4 7 6 6 6 6 1 3 5
1511907459 498 214 164 130 58 34 25 15 15 14 12 4 7 6 6 6 6 1 3 5
1511920580 499 214 164 130 58 34 25 15 15 14 12 4 7 6 6 6 6 1 3 5
1511921405 500 214 164 130 58 34 25 15 15 14 12 4 7 6 6 6 6 1 3 5
1512073545 501 214 164 130 58 34 25 15 15 14 12 4 7 6 6 6 6 1 3 5
1512350869 502 214 164 130 58 34 25 15 15 14 12 4 7 6 6 6 6 1 3 5
1512357440 503 214 164 130 58 34 25 15 15 14 12 4 7 6 6 6 6 1 3 5
1512445406 504 214 164 130 58 34 25 15 15 14 12 4 7 6 6 6 6 1 3 5
1512588143 505 214 164 130 58 34 25 15 15 14 12 4 7 6 6 6 6 1 3 5
1512618420 506 214 164 130 58 34 25 15 15 14 12 4 7 6 6 6 6 1 3 5
1512780760 507 214 164 130 58 34 25 15 15 14 12 4 7 6 6 6 6 1 3 5
1513027729 508 214 164 130 58 34 25 15 15 14 12 4 7 6 6 6 6 1 3 5
1513119758 509 214 164 130 58 34 25 15 15 14 12 4 7 6 6 6 6 1 3 5
1513216411 510 214 164 130 58 34 25 15 15 14 12 4 7 6 6 6 6 1 3 5
1513283305 511 214 164 130 58 34 25 15 15 14 12 4 7 6 6 6 6 1 3 5
1513302695 512 214 164 130 58 34 25 15 15 14 12 4 7 6 6 6 6 1 3 5
1513378166 513 214 164 130 58 34 25 15 15 14 12 4 7 6 6 6 6 1 3 5
1513379184 514 214 164 130 58 34 25 15 15 14 12 4 7 6 6 6 6 1 3 5
1513414822 515 214 164 130 58 34 25 15 15 14 12 4 7 6 6 6 6 1 3 5
1513581763 516 214 164 130 58 34 25 15 15 14 12 4 7 6 6 6 6 1 3 5
1513582703 517 214 164 130 58 34 25 15 15 14 12 4 7 6 6 6 6 1 3 5
1513583316 518 214 164 130 58 34 25 15 15 14 12 4 7 6 6 6 6 1 3 5
1513638301 519 214 164 130 58 34 25 15 15 14 12 4 7 6 6 6 6 1 3 5
1513663690 520 214 164 130 58 34 25 15 15 14 12 4 7 6 6 6 6 1 3 5
1513664162 521 214 164 130 58 34 25 15 15 14 12 4 7 6 6 6 6 1 3 5
1513668587 522 214 164 130 58 34 25 15 15 14 12 4 7 6 6 6 6 1 3 5
1513669497 523 214 164 130 58 34 25 15 15 14 12 4 7 6 6 6 6 1 3 5
1513725317 524 214 164 130 58 34 25 15 15 14 12 4 7 6 6 6 6 1 3 5
1513831379 525 214 164 130 58 34 25 15 15 14 12 4 7 6 6 6 6 1 3 5
1513831996 526 214 164 130 58 34 25 15 15 14 12 4 7 6 6 6 6 1 3 5
1513837143 527 214 164 130 58 34 25 15 15 14 12 4 7 6 6 6 6 1 3 5
1516754138 528 214 164 130 58 34 25 15 15 14 12 4 7 6 6 6 6 1 3 5
1516774535 529 214 164 130 58 34 25 15 15 14 12 4 7 6 6 6 6 1 3 5
1518135950 530 214 164 130 58 34 25 15 15 14 12 4 7 6 6 6 6 1 3 5
1518460884 531 214 164 130 58 34 25 15 15 14 12 4 7 6 6 6 6 1 3 5
1518473633 532 214 164 130 58 34 25 15 15 14 12 4 7 6 6 6 6 1 3 5
1518476931 533 214 164 130 58 34 25 15 15 14 12 4 7 6 6 6 6 1 3 5
1518761940 534 214 164 130 58 34 25 15 15 14 12 4 7 6 6 6 6 1 4 5
1519085877 535 214 164 130 58 34 25 15 15 14 12 4 7 6 6 6 6 1 4 5
1519086191 536 214 164 130 58 34 25 15 15 14 12 4 7 6 6 6 6 1 4 5
1519757445 537 214 164 130 58 34 25 15 15 14 12 4 7 6 6 6 6 1 4 5
1519832510 537 214 164 130 58 34 25 15 15 14 12 4 7 6 6 6 6 1 4 5
1520016996 538 214 164 130 58 34 25 15 15 14 12 5 7 6 6 6 6 1 4 5
1520243638 538 214 164 130 58 34 25 15 15 14 12 6 7 6 6 6 6 1 4 5
1520845445 538 214 164 130 58 34 25 15 15 14 12 7 7 6 6 6 6 1 4 5
1520845545 538 214 164 130 58 34 25 15 15 14 12 8 7 6 6 6 6 1 4 5
1520997034 538 214 164 130 58 34 25 15 15 14 12 8 7 6 6 6 6 1 4 5
1521143871 539 214 164 130 58 34 25 15 15 14 12 8 7 6 6 6 6 1 4 5
1521172197 540 214 164 130 58 34 25 15 15 14 12 8 7 6 6 6 6 1 4 5
1521573317 540 214 164 130 58 34 25 15 15 14 12 8 7 6 6 6 6 1 4 5
1521713095 540 214 164 130 58 34 25 15 15 14 12 8 7 6 6 6 6 2 4 5
1521713679 540 214 164 130 58 34 25 15 15 14 12 8 7 6 6 6 6 3 4 5
1521910868 540 214 164 130 58 34 25 15 15 14 12 8 7 6 6 6 6 3 4 5
1521933098 540 214 164 130 58 34 25 15 15 14 12 8 7 6 6 6 6 3 4 5
1522202314 541 214 164 130 58 34 25 15 15 14 12 8 7 6 6 6 6 3 4 5
1523530769 541 214 164 130 58 34 25 15 15 14 12 9 7 6 6 6 6 3 4 5
1523530804 541 214 164 130 58 34 25 15 15 14 12 11 7 6 6 6 6 3 4 5
1526597224 542 214 164 130 58 34 25 15 15 14 12 11 7 6 6 6 6 3 4 5
1526685592 543 214 164 130 58 34 25 15 15 14 12 11 7 6 6 6 6 3 4 5
1527037581 544 214 164 130 58 34 25 15 15 14 12 11 7 6 6 6 6 3 4 5
1527052213 545 214 164 130 58 34 25 15 15 14 12 11 7 6 6 6 6 3 4 5
1527116092 546 214 164 130 58 34 25 15 15 14 12 11 7 6 6 6 6 3 4 5
1527202997 547 214 164 130 58 34 25 15 15 14 12 11 7 6 6 6 6 3 4 5
1527205331 548 214 164 130 58 34 25 15 15 14 12 11 7 6 6 6 6 3 4 5
1527231423 549 214 164 130 58 34 25 15 15 14 12 11 7 6 6 6 6 3 4 5
1527280183 550 214 164 130 58 34 25 15 15 14 12 11 7 6 6 6 6 3 4 5
1527794580 550 214 164 130 58 34 25 15 15 14 12 11 7 6 6 6 6 3 4 5
1527795767 550 214 164 130 58 34 25 15 15 14 12 11 7 6 6 6 6 3 4 5
1529270577 550 214 164 130 58 34 25 15 15 14 12 11 7 6 6 6 6 3 4 5
1529272404 551 214 164 130 58 34 25 15 15 14 12 11 7 6 6 6 6 3 4 5
1530004561 551 214 164 130 58 34 25 15 15 14 12 11 7 6 6 6 6 4 4 5
1530004815 551 214 164 130 58 34 25 15 15 14 12 11 7 6 6 6 6 5 4 5
1530446376 551 214 164 130 58 34 25 15 15 14 12 12 7 6 6 6 6 5 4 5
1530646322 552 214 164 130 58 34 25 15 15 14 12 12 7 6 6 6 6 5 4 5
1530855429 554 214 164 130 58 34 25 15 15 14 12 12 7 6 6 6 6 5 4 5
1531236184 554 214 164 130 58 34 25 15 15 14 12 12 7 6 6 6 6 5 5 5
1531362914 555 214 164 130 58 34 25 15 15 14 12 12 7 6 6 6 6 5 5 5
1531803523 556 214 164 130 58 34 25 15 15 14 12 12 7 6 6 6 6 5 5 5
1533698570 557 214 164 130 58 34 25 15 15 14 12 12 7 6 6 6 6 5 5 5
1533781559 558 214 164 130 58 34 25 15 15 14 12 12 7 6 6 6 6 5 5 5
1533940282 559 214 164 130 58 34 25 15 15 14 12 12 7 6 6 6 6 5 5 5
1534302735 559 214 164 130 58 34 25 15 15 14 12 12 7 6 6 6 6 5 5 5
1538511208 560 214 164 130 58 34 25 15 15 14 12 12 7 6 6 6 6 5 5 5
1540334553 561 214 164 130 58 34 25 15 15 14 12 12 7 6 6 6 6 5 5 5
