1054019951 0 0 1225 0 0 0 0 0 0 0 0 0 0 0 0 0 0 0 0 0
1054020175 0 0 1226 0 0 0 0 0 0 0 0 0 0 0 0 0 0 0 0 0
1054089731 0 0 1226 0 0 0 0 0 118 0 0 0 0 0 0 0 0 0 0 0
1054176893 0 0 1244 0 0 0 0 0 118 0 0 0 0 0 0 0 0 0 0 0
1054265592 0 0 1244 0 0 0 0 0 862 0 0 0 0 0 0 0 0 0 0 0
1054510453 0 0 1315 0 0 0 0 0 862 0 0 0 0 0 0 0 0 0 0 0
1054511202 0 0 1317 0 0 0 0 0 862 0 0 0 0 0 0 0 0 0 0 0
1055302346 0 0 1680 0 0 0 0 0 862 0 0 0 0 0 0 0 0 0 0 0
1055302351 0 0 1683 0 0 0 0 0 862 0 0 0 0 0 0 0 0 0 0 0
1055302602 0 0 1694 0 0 0 0 0 862 0 0 0 0 0 0 0 0 0 0 0
1055557673 0 0 1773 0 0 0 0 0 862 0 0 0 0 0 0 0 0 0 0 0
1055632029 0 0 1788 0 0 0 0 0 862 0 0 0 0 0 0 0 0 0 0 0
1055716552 0 0 1790 0 0 0 0 0 862 0 0 0 0 0 0 0 0 0 0 0
1055719638 0 0 1902 0 0 0 0 0 862 0 0 0 0 0 0 0 0 0 0 0
1055729630 0 0 1911 0 0 0 0 0 862 0 0 0 0 0 0 0 0 0 0 0
1055801612 0 0 1934 0 0 0 0 0 862 0 0 0 0 0 0 0 0 0 0 0
1055924369 0 0 1960 0 0 0 0 0 862 0 0 0 0 0 0 0 0 0 0 0
1056054575 0 0 2002 0 0 0 0 0 862 0 0 0 0 0 0 0 0 0 0 0
1056059385 0 0 2005 0 0 0 0 0 862 0 0 0 0 0 0 0 0 0 0 0
1056060368 0 0 2006 0 0 0 0 0 862 0 0 0 0 0 0 0 0 0 0 0
1056071609 0 0 2232 0 0 0 0 0 862 0 0 0 0 0 0 0 0 0 0 0
1056105180 0 0 2307 0 0 0 0 0 862 0 0 0 0 0 0 0 0 0 0 0
1056250325 0 0 2332 0 0 0 0 0 862 0 0 0 0 0 0 0 0 0 0 0
1056334959 0 0 2353 0 0 0 0 0 862 0 0 0 0 0 0 0 0 0 0 0
1056342575 0 0 2360 0 0 0 0 0 862 0 0 0 0 0 0 0 0 0 0 0
1056397891 0 0 2379 0 0 0 0 0 862 0 0 0 0 0 0 0 0 0 0 0
1056421202 0 0 2483 0 0 0 0 0 862 0 0 0 0 0 0 0 0 0 0 0
1056496229 0 0 2484 0 0 0 0 0 862 0 0 0 0 0 0 0 0 0 0 0
1056496268 0 0 2487 0 0 0 0 0 862 0 0 0 0 0 0 0 0 0 0 0
1056503249 0 0 2487 0 0 0 0 0 864 0 0 0 0 0 0 0 0 0 0 0
1056504015 0 0 2488 0 0 0 0 0 864 0 0 0 0 0 0 0 0 0 0 0
1056524601 0 0 2514 0 0 0 0 0 864 0 0 0 0 0 0 0 0 0 0 0
1056564378 0 0 2514 0 0 0 0 0 864 0 0 0 0 0 0 0 0 0 0 0
1056564506 0 0 2515 0 0 0 0 0 864 0 0 0 0 0 0 0 0 0 0 0
1056594492 0 0 2516 0 0 0 0 0 864 0 0 0 0 0 0 0 0 0 0 0
1056594640 0 0 2517 0 0 0 0 0 864 0 0 0 0 0 0 0 0 0 0 0
1056668383 0 0 2526 0 0 0 0 0 864 0 0 0 0 0 0 0 0 0 0 0
1056674843 0 0 2539 0 0 0 0 0 864 0 0 0 0 0 0 0 0 0 0 0
1056678295 0 0 2547 0 0 0 0 0 864 0 0 0 0 0 0 0 0 0 0 0
1056678808 0 0 2550 0 0 0 0 0 864 0 0 0 0 0 0 0 0 0 0 0
1056737217 0 0 2571 0 0 0 0 0 864 0 0 0 0 0 0 0 0 0 0 0
1056742336 0 0 2586 0 0 0 0 0 864 0 0 0 0 0 0 0 0 0 0 0
1056745950 0 0 2596 0 0 0 0 0 864 0 0 0 0 0 0 0 0 0 0 0
1056748555 0 0 2605 0 0 0 0 0 864 0 0 0 0 0 0 0 0 0 0 0
1056991149 0 0 2610 0 0 0 0 0 864 0 0 0 0 0 0 0 0 0 0 0
1057176538 0 0 2618 0 0 0 0 0 864 0 0 0 0 0 0 0 0 0 0 0
1058828192 0 0 2618 0 0 0 0 0 1240 0 0 0 0 0 0 0 0 0 0 0
1058865273 0 0 2618 0 0 0 0 0 1266 0 0 0 0 0 0 0 0 0 0 0
1058918420 0 0 2618 0 0 0 0 0 1266 0 0 0 0 0 0 0 0 0 0 0
1059282277 0 0 2619 0 0 0 0 0 1266 0 0 0 0 0 0 0 0 0 0 0
1059285374 0 0 2619 0 0 0 0 0 1266 0 0 0 0 0 0 0 0 0 0 0
1059381602 0 0 2629 0 0 0 0 0 1266 0 0 0 0 0 0 0 0 0 0 0
1059512968 0 0 2631 0 0 0 0 0 1266 0 0 0 0 0 0 0 0 0 0 0
1059514879 0 0 2645 0 0 0 0 0 1266 0 0 0 0 0 0 0 0 0 0 0
1059544430 0 0 2656 0 0 0 0 0 1266 0 0 0 0 0 0 0 0 0 0 0
1059694624 0 0 2674 0 0 0 0 0 1266 0 0 0 0 0 0 0 0 0 0 0
1060277477 0 0 2686 0 0 0 0 0 1266 0 0 0 0 0 0 0 0 0 0 0
1060382133 0 0 2686 0 0 0 0 0 1266 0 0 0 0 0 0 0 0 0 0 0
1060555734 0 0 2689 0 0 0 0 0 1266 0 0 0 0 0 0 0 0 0 0 0
1060567297 0 0 2690 0 0 0 0 0 1266 0 0 0 0 0 0 0 0 0 0 0
1060580666 0 0 2690 0 0 0 0 0 1266 0 0 0 0 0 0 0 0 0 0 0
1060580977 0 0 2690 0 0 0 0 0 1266 0 0 0 0 0 0 0 0 0 0 0
1060582024 0 0 2706 0 0 0 0 0 1266 0 0 0 0 0 0 0 0 0 0 0
1060584308 0 0 2706 0 0 0 0 0 1271 0 0 0 0 0 0 0 0 0 0 0
1060620088 0 0 2706 0 0 0 0 0 1271 0 0 0 0 0 0 0 0 0 0 0
1060634229 0 0 2707 0 0 0 0 0 1271 0 0 0 0 0 0 0 0 0 0 0
1060655047 0 0 2708 0 0 0 0 0 1271 0 0 0 0 0 0 0 0 0 0 0
1060655356 0 0 2709 0 0 0 0 0 1271 0 0 0 0 0 0 0 0 0 0 0
1060711855 0 0 2710 0 0 0 0 0 1271 0 0 0 0 0 0 0 0 0 0 0
1060713164 0 0 2712 0 0 0 0 0 1271 0 0 0 0 0 0 0 0 0 0 0
1060719534 0 0 2742 0 0 0 0 0 1271 0 0 0 0 0 0 0 0 0 0 0
1060733119 0 0 2743 0 0 0 0 0 1271 0 0 0 0 0 0 0 0 0 0 0
1060734291 0 0 2745 0 0 0 0 0 1271 0 0 0 0 0 0 0 0 0 0 0
1060738322 0 0 2756 0 0 0 0 0 1271 0 0 0 0 0 0 0 0 0 0 0
1060804742 0 0 2758 0 0 0 0 0 1271 0 0 0 0 0 0 0 0 0 0 0
1060967526 0 0 2761 0 0 0 0 0 1271 0 0 0 0 0 0 0 0 0 0 0
1062780925 0 0 2770 0 0 0 0 0 1271 0 0 0 0 0 0 0 0 0 0 0
1062782184 0 0 2770 0 0 0 0 0 1271 0 0 0 0 0 0 0 0 0 0 0
1062785131 0 0 2853 0 0 0 0 0 1271 0 0 0 0 0 0 0 0 0 0 0
1062801456 0 0 2863 0 0 0 0 0 1271 0 0 0 0 0 0 0 0 0 0 0
1063131208 0 0 2893 0 0 0 0 0 1271 0 0 0 0 0 0 0 0 0 0 0
1063134366 0 0 2895 0 0 0 0 0 1271 0 0 0 0 0 0 0 0 0 0 0
1064893290 0 0 2895 0 0 0 0 0 1289 0 0 0 0 0 0 0 0 0 0 0
1064894602 0 0 2896 0 0 0 0 0 1289 0 0 0 0 0 0 0 0 0 0 0
1065390485 0 0 2896 0 0 0 0 0 1289 0 0 0 0 0 0 0 0 0 0 0
1065641137 0 0 2896 0 0 0 0 0 1289 0 0 0 0 0 0 0 0 0 0 0
1065697699 0 0 2901 0 0 0 0 0 1289 0 0 0 0 0 0 0 0 0 0 0
1066874059 0 0 2901 0 0 0 0 0 1289 0 0 0 0 0 0 0 0 0 0 0
1067133483 0 0 3002 0 0 0 0 0 1289 0 0 0 0 0 0 0 0 0 0 0
1067133565 0 0 3003 0 0 0 0 0 1289 0 0 0 0 0 0 0 0 0 0 0
1070313502 0 0 3003 0 0 0 0 0 1301 0 0 0 0 0 0 0 0 0 0 0
1070315015 0 0 3003 0 0 0 0 0 1318 0 0 0 0 0 0 0 0 0 0 0
1072814193 0 0 3225 0 0 0 0 0 1318 0 0 0 0 0 0 0 0 0 0 0
1077230754 0 0 3225 0 0 0 0 0 1318 0 0 0 0 0 0 0 0 0 0 0
1077666122 0 0 3225 0 0 0 0 0 1318 0 0 0 0 0 0 0 0 0 0 0
1080709311 0 0 3225 0 0 0 0 0 1320 0 0 0 0 0 0 0 0 0 0 0
1080709535 0 0 3225 0 0 0 0 0 1341 0 0 0 0 0 0 0 0 0 0 0
1082836859 0 0 3225 0 0 0 0 0 1376 0 0 0 0 0 0 0 0 0 0 0
1083347674 0 0 3236 0 0 0 0 0 1376 0 0 0 0 0 0 0 0 0 0 0
1083348824 0 0 3239 0 0 0 0 0 1376 0 0 0 0 0 0 0 0 0 0 0
1084677139 0 0 3239 0 0 0 0 0 1376 0 0 0 0 0 0 0 0 0 0 0
1089935722 0 0 3239 0 0 0 0 0 1376 0 0 0 0 0 0 0 0 0 0 0
1089999776 0 0 3356 0 0 0 0 0 1376 0 0 0 0 0 0 0 0 0 0 0
1089999961 0 0 3356 0 0 0 0 0 1376 0 0 0 0 0 0 0 0 0 0 0
1090525791 0 0 3362 0 0 0 0 0 1376 0 0 0 0 0 0 0 0 0 0 0
1091761455 0 0 3392 0 0 0 0 0 1376 0 0 0 0 0 0 0 0 0 0 0
1095114713 0 0 3392 0 0 0 0 0 1376 0 0 0 0 0 0 0 0 0 0 0
1095115062 0 0 3392 0 0 0 0 0 1376 0 0 0 0 0 0 0 0 0 0 0
1095117114 0 0 3392 0 0 0 0 0 1376 0 0 0 0 0 0 0 0 0 0 0
1095117942 0 0 3392 0 0 0 0 0 1382 0 0 0 0 0 0 0 0 0 0 0
1101212740 0 0 3392 0 0 0 0 0 1388 0 0 0 0 0 0 0 0 0 0 0
1102726253 0 0 3392 0 0 0 0 0 1388 0 0 0 0 0 0 0 0 0 0 0
1102726761 0 0 3392 0 0 0 0 0 1388 0 0 0 0 0 0 0 0 0 0 0
1105738740 0 0 3392 0 0 0 0 0 1388 0 0 0 0 0 0 0 0 0 0 0
1105739305 0 0 3392 0 0 0 0 0 1388 0 0 0 0 0 0 0 0 0 0 0
1105740150 0 0 3393 0 0 0 0 0 1388 0 0 0 0 0 0 0 0 0 0 0
1105740316 0 0 3393 0 0 0 0 0 1388 0 0 0 0 0 0 0 0 0 0 0
1112659826 0 0 3393 0 0 0 0 0 1388 0 0 0 0 0 0 0 0 0 0 0
1112660206 0 0 3395 0 0 0 0 0 1388 0 0 0 0 0 0 0 0 0 0 0
1113236904 0 0 3395 0 0 0 0 0 1388 0 0 0 0 0 0 0 0 0 0 0
1115148926 0 0 3395 0 0 0 0 0 1388 0 0 0 0 0 0 0 0 0 0 0
1117046419 0 0 3395 0 0 0 0 0 1388 0 0 0 0 0 0 0 0 0 0 0
1123653684 0 0 3395 0 0 0 0 0 1388 0 0 0 0 0 0 0 0 0 0 0
1136173403 0 0 3430 0 0 0 0 0 1388 0 0 0 0 0 0 0 0 0 0 0
1141524742 0 0 3430 0 0 0 0 0 1575 0 0 0 0 0 0 0 0 0 0 0
1142881434 0 0 3458 0 0 0 0 0 1575 0 0 0 0 0 0 0 0 0 0 0
1142903888 0 0 3474 0 0 0 0 0 1575 0 0 0 0 0 0 0 0 0 0 0
1143095802 0 0 3474 0 0 0 0 0 1575 0 0 0 0 0 0 0 0 0 0 0
1143631960 0 0 3474 0 0 0 0 0 1575 0 0 0 0 0 0 0 0 0 0 0
1144524721 0 0 3474 0 0 0 0 0 1575 0 0 0 0 0 0 0 0 0 0 0
1146432582 0 0 3558 0 0 0 0 0 1575 0 0 0 0 0 0 0 0 0 0 0
1146443714 0 0 3559 0 0 0 0 0 1575 0 0 0 0 0 0 0 0 0 0 0
1146760547 0 0 3559 0 0 0 0 0 1575 0 0 0 0 0 0 0 0 0 0 0
1147979071 0 0 3563 0 0 0 0 0 1575 0 0 0 0 0 0 0 0 0 0 0
1152138210 0 0 3569 0 0 0 0 0 1575 0 0 0 0 0 0 0 0 0 0 0
1157253506 0 0 4647 0 0 0 0 0 1575 0 0 0 0 0 0 0 0 0 0 0
1157288289 0 0 4647 0 0 0 0 0 1575 0 0 0 0 0 0 0 0 0 0 0
1157315203 0 0 4696 0 0 0 0 0 1575 0 0 0 0 0 0 0 0 0 0 0
1157327840 0 0 4700 0 0 0 0 0 1575 0 0 0 0 0 0 0 0 0 0 0
1157330839 0 0 4848 0 0 0 0 0 1575 0 0 0 0 0 0 0 0 0 0 0
1157332401 0 0 4853 0 0 0 0 0 1575 0 0 0 0 0 0 0 0 0 0 0
1157336322 0 0 4870 0 0 0 0 0 1575 0 0 0 0 0 0 0 0 0 0 0
1157336445 0 0 4959 0 0 0 0 0 1575 0 0 0 0 0 0 0 0 0 0 0
1157336599 0 0 5001 0 0 0 0 0 1575 0 0 0 0 0 0 0 0 0 0 0
1157336891 0 0 5007 0 0 0 0 0 1575 0 0 0 0 0 0 0 0 0 0 0
1157337193 0 0 5067 0 0 0 0 0 1575 0 0 0 0 0 0 0 0 0 0 0
1157341973 0 0 5068 0 0 0 0 0 1575 0 0 0 0 0 0 0 0 0 0 0
1157342470 0 0 5072 0 0 0 0 0 1575 0 0 0 0 0 0 0 0 0 0 0
1157342495 0 0 5151 0 0 0 0 0 1575 0 0 0 0 0 0 0 0 0 0 0
1157342883 0 0 5595 0 0 0 0 0 1575 0 0 0 0 0 0 0 0 0 0 0
1157342981 0 0 5596 0 0 0 0 0 1575 0 0 0 0 0 0 0 0 0 0 0
1157347745 0 0 5667 0 0 0 0 0 1575 0 0 0 0 0 0 0 0 0 0 0
1157347799 0 0 5668 0 0 0 0 0 1575 0 0 0 0 0 0 0 0 0 0 0
1157348450 0 0 5696 0 0 0 0 0 1575 0 0 0 0 0 0 0 0 0 0 0
1157348726 0 0 5703 0 0 0 0 0 1575 0 0 0 0 0 0 0 0 0 0 0
1157348941 0 0 5705 0 0 0 0 0 1575 0 0 0 0 0 0 0 0 0 0 0
1157349651 0 0 5734 0 0 0 0 0 1575 0 0 0 0 0 0 0 0 0 0 0
1157349918 0 0 5749 0 0 0 0 0 1575 0 0 0 0 0 0 0 0 0 0 0
1157350276 0 0 5757 0 0 0 0 0 1575 0 0 0 0 0 0 0 0 0 0 0
1157350584 0 0 5785 0 0 0 0 0 1575 0 0 0 0 0 0 0 0 0 0 0
1157351616 0 0 5813 0 0 0 0 0 1575 0 0 0 0 0 0 0 0 0 0 0
1157351882 0 0 5826 0 0 0 0 0 1575 0 0 0 0 0 0 0 0 0 0 0
1157353974 0 0 5885 0 0 0 0 0 1575 0 0 0 0 0 0 0 0 0 0 0
1157354122 0 0 5886 0 0 0 0 0 1575 0 0 0 0 0 0 0 0 0 0 0
1157354472 0 0 5889 0 0 0 0 0 1575 0 0 0 0 0 0 0 0 0 0 0
1157355660 0 0 5999 0 0 0 0 0 1575 0 0 0 0 0 0 0 0 0 0 0
1157366496 0 0 6034 0 0 0 0 0 1575 0 0 0 0 0 0 0 0 0 0 0
1157401346 0 0 6037 0 0 0 0 0 1575 0 0 0 0 0 0 0 0 0 0 0
1157403097 0 0 6083 0 0 0 0 0 1575 0 0 0 0 0 0 0 0 0 0 0
1157403829 0 0 6091 0 0 0 0 0 1575 0 0 0 0 0 0 0 0 0 0 0
1157403842 0 0 6131 0 0 0 0 0 1575 0 0 0 0 0 0 0 0 0 0 0
1157404579 0 0 6170 0 0 0 0 0 1575 0 0 0 0 0 0 0 0 0 0 0
1157413928 0 0 6172 0 0 0 0 0 1575 0 0 0 0 0 0 0 0 0 0 0
1157414589 0 0 6258 0 0 0 0 0 1575 0 0 0 0 0 0 0 0 0 0 0
1157415682 0 0 6264 0 0 0 0 0 1575 0 0 0 0 0 0 0 0 0 0 0
1157415768 0 0 6265 0 0 0 0 0 1575 0 0 0 0 0 0 0 0 0 0 0
1157420503 0 0 6266 0 0 0 0 0 1575 0 0 0 0 0 0 0 0 0 0 0
1157423850 0 0 6266 0 0 0 2 0 1575 0 0 0 0 0 0 0 0 0 0 0
1157424140 0 0 6266 0 0 0 2 0 1575 0 0 0 0 0 0 0 0 0 0 0
1157431788 0 0 6268 0 0 0 2 0 1575 0 0 0 0 0 0 0 0 0 0 0
1157432184 0 0 6268 0 0 0 2 0 1575 0 0 0 0 0 0 0 0 0 0 0
1157432440 0 0 6268 0 0 0 2 0 1575 0 0 0 0 0 0 0 0 0 0 0
1157433620 0 0 6287 0 0 0 2 0 1575 0 0 0 0 0 0 0 0 0 0 0
1157435457 0 0 6288 0 0 0 2 0 1575 0 0 0 0 0 0 0 0 0 0 0
1157435712 0 0 6288 0 0 0 2 0 1575 0 0 0 0 0 0 0 0 0 0 0
1157435737 0 0 6291 0 0 0 2 0 1575 0 0 0 0 0 0 0 0 0 0 0
1157435983 0 0 6293 0 0 0 2 0 1575 0 0 0 0 0 0 0 0 0 0 0
1157482118 0 0 6308 0 0 0 2 0 1575 0 0 0 0 0 0 0 0 0 0 0
1157496392 0 0 6310 0 0 0 2 0 1575 0 0 0 0 0 0 0 0 0 0 0
1157510653 0 0 6324 0 0 0 2 0 1575 0 0 0 0 0 0 0 0 0 0 0
1157606804 0 0 6445 0 0 0 2 0 1575 0 0 0 0 0 0 0 0 0 0 0
1157608976 0 0 6445 0 0 0 3 0 1575 0 0 0 0 0 0 0 0 0 0 0
1157649216 0 0 6467 0 0 0 3 0 1575 0 0 0 0 0 0 0 0 0 0 0
1157661480 0 0 6468 0 0 0 3 0 1575 0 0 0 0 0 0 0 0 0 0 0
1157822162 0 0 6478 0 0 0 3 0 1575 0 0 0 0 0 0 0 0 0 0 0
1157831376 0 0 6492 0 0 0 3 0 1575 0 0 0 0 0 0 0 0 0 0 0
1157833535 0 0 6500 0 0 0 3 0 1575 0 0 0 0 0 0 0 0 0 0 0
1157837808 0 0 6504 0 0 0 3 0 1575 0 0 0 0 0 0 0 0 0 0 0
1158254942 0 0 6512 0 0 0 3 0 1575 0 0 0 0 0 0 0 0 0 0 0
1158784367 0 0 6526 0 0 0 3 0 1575 0 0 0 0 0 0 0 0 0 0 0
1158784602 0 0 6528 0 0 0 3 0 1575 0 0 0 0 0 0 0 0 0 0 0
1160777781 0 0 6528 0 0 0 439 0 1575 0 0 0 0 0 0 0 0 0 0 0
1160895056 0 0 6528 0 0 0 442 0 1575 0 0 0 0 0 0 0 0 0 0 0
1161300595 0 0 6528 0 0 0 450 0 1575 0 0 0 0 0 0 0 0 0 0 0
1163493546 0 0 6528 0 0 0 450 0 1575 0 0 0 0 0 0 0 0 0 0 0
1164057416 0 0 6528 0 0 0 488 0 1575 0 0 0 0 0 0 0 0 0 0 0
1164485575 0 0 6528 0 0 0 488 0 1575 0 0 0 0 0 0 0 0 0 0 0
1164576827 0 0 6528 0 0 0 1187 0 1575 0 0 0 0 0 0 0 0 0 0 0
1165314956 0 0 6529 0 0 0 1187 0 1575 0 0 0 0 0 0 0 0 0 0 0
1166991428 0 0 6529 0 0 0 1187 0 1575 0 0 0 0 0 0 0 0 0 0 0
1173161679 0 0 6529 0 3 0 1187 0 1575 0 0 0 0 0 0 0 0 0 0 0
1173164728 0 0 6529 0 7 0 1187 0 1575 0 0 0 0 0 0 0 0 0 0 0
1173166110 0 0 6529 0 40 0 1187 0 1575 0 0 0 0 0 0 0 0 0 0 0
1173198533 0 0 6529 0 430 0 1187 0 1575 0 0 0 0 0 0 0 0 0 0 0
1174176137 0 0 6529 0 430 0 1187 0 1575 0 0 0 0 0 0 0 0 0 0 0
1174286460 0 0 6529 0 447 0 1187 0 1575 0 0 0 0 0 0 0 0 0 0 0
1174287047 0 0 6529 0 523 0 1187 0 1575 0 0 0 0 0 0 0 0 0 0 0
1174430263 0 0 6529 0 537 0 1187 0 1575 0 0 0 0 0 0 0 0 0 0 0
1174430473 0 0 6529 0 537 0 1187 0 1575 0 0 0 0 0 0 0 0 0 0 0
1175379429 0 0 6529 0 537 0 1187 0 1575 0 0 0 0 0 0 0 0 0 0 0
1175734610 0 0 6529 0 554 0 1187 0 1575 0 0 0 0 0 0 0 0 0 0 0
1176046058 0 0 6529 0 554 0 1187 0 1575 0 0 0 0 0 0 0 0 0 0 0
1176163356 0 0 6529 0 555 0 1187 0 1575 0 0 0 0 0 0 0 0 0 0 0
1176205917 0 0 6529 0 662 0 1187 0 1575 0 0 0 0 0 0 0 0 0 0 0
1176206596 0 0 6529 0 663 0 1187 0 1575 0 0 0 0 0 0 0 0 0 0 0
1176388685 0 0 6529 0 699 0 1187 0 1575 0 0 0 0 0 0 0 0 0 0 0
1176399306 0 0 6529 0 699 0 1187 0 1575 0 0 0 0 0 0 0 0 0 0 0
1176408166 0 0 6529 0 701 0 1187 0 1575 0 0 0 0 0 0 0 0 0 0 0
1176408195 0 0 6529 0 706 0 1187 0 1575 0 0 0 0 0 0 0 0 0 0 0
1176416244 0 0 6529 0 755 0 1187 0 1575 0 0 0 0 0 0 0 0 0 0 0
1176495513 0 0 6529 0 759 0 1187 0 1575 0 0 0 0 0 0 0 0 0 0 0
1176495555 0 0 6529 0 761 0 1187 0 1575 0 0 0 0 0 0 0 0 0 0 0
1176495607 0 0 6529 0 764 0 1187 0 1575 0 0 0 0 0 0 0 0 0 0 0
1176737565 0 0 6529 0 764 0 2298 0 1575 0 0 0 0 0 0 0 0 0 0 0
1176737643 0 0 6529 0 764 0 2920 0 1575 0 0 0 0 0 0 0 0 0 0 0
1176759138 0 0 6529 0 808 0 2920 0 1575 0 0 0 0 0 0 0 0 0 0 0
1176762153 0 0 6558 0 808 0 2920 0 1575 0 0 0 0 0 0 0 0 0 0 0
1176766423 0 0 6558 0 855 0 2920 0 1575 0 0 0 0 0 0 0 0 0 0 0
1176769493 0 0 6558 0 862 0 2920 0 1575 0 0 0 0 0 0 0 0 0 0 0
1176770689 0 0 6558 0 862 0 2920 0 1575 0 0 0 0 0 0 0 0 0 0 0
1176771552 0 0 6558 0 862 0 2920 0 1575 0 0 0 0 0 0 0 0 0 0 0
1176898887 0 0 6558 0 874 0 2920 0 1575 0 0 0 0 0 0 0 0 0 0 0
1178083142 0 0 6558 0 874 0 2920 0 1575 0 0 0 0 0 0 0 0 0 0 0
1178084825 0 0 6558 0 906 0 2920 0 1575 0 0 0 0 0 0 0 0 0 0 0
1178147838 0 0 6559 0 906 0 2920 0 1575 0 0 0 0 0 0 0 0 0 0 0
1178148051 0 0 6564 0 906 0 2920 0 1575 0 0 0 0 0 0 0 0 0 0 0
1178277782 0 0 6564 0 1086 0 2920 0 1575 0 0 0 0 0 0 0 0 0 0 0
1178567454 0 0 6564 0 1093 0 2920 0 1575 0 0 0 0 0 0 0 0 0 0 0
1178573071 0 0 6564 0 1144 0 2920 0 1575 0 0 0 0 0 0 0 0 0 0 0
1178574069 0 0 6564 0 1149 0 2920 0 1575 0 0 0 0 0 0 0 0 0 0 0
1178574540 0 0 6564 0 1151 0 2920 0 1575 0 0 0 0 0 0 0 0 0 0 0
1178968217 0 0 6564 0 1237 0 2920 0 1575 0 0 0 0 0 0 0 0 0 0 0
1180450246 0 0 6564 0 1243 0 2920 0 1575 0 0 0 0 0 0 0 0 0 0 0
1181070808 0 0 6564 0 1245 0 2920 0 1575 0 0 0 0 0 0 0 0 0 0 0
1181071998 0 0 6564 0 1247 0 2920 0 1575 0 0 0 0 0 0 0 0 0 0 0
1182211675 0 0 6564 0 1247 0 2920 0 1575 0 0 0 0 0 0 0 0 0 0 0
1182302505 0 0 6564 0 1253 0 2920 0 1575 0 0 0 0 0 0 0 0 0 0 0
1183422622 0 0 6567 0 1253 0 2920 0 1575 0 0 0 0 0 0 0 0 0 0 0
1183545080 0 0 6567 0 1265 0 2920 0 1575 0 0 0 0 0 0 0 0 0 0 0
1183749657 0 0 6567 0 1268 0 2920 0 1575 0 0 0 0 0 0 0 0 0 0 0
1183750473 0 0 6567 0 1269 0 2920 0 1575 0 0 0 0 0 0 0 0 0 0 0
1183752658 0 0 6567 0 1271 0 2920 0 1575 0 0 0 0 0 0 0 0 0 0 0
1183850246 0 0 6567 0 1271 0 2924 0 1575 0 0 0 0 0 0 0 0 0 0 0
1183852912 0 0 6567 0 1271 0 2947 0 1575 0 0 0 0 0 0 0 0 0 0 0
1183884707 0 0 6567 0 1271 0 2966 0 1575 0 0 0 0 0 0 0 0 0 0 0
1183888128 0 0 6567 0 1271 0 3018 0 1575 0 0 0 0 0 0 0 0 0 0 0
1183889508 0 0 6567 0 1271 0 3046 0 1575 0 0 0 0 0 0 0 0 0 0 0
1183991334 0 0 6567 0 1297 0 3046 0 1575 0 0 0 0 0 0 0 0 0 0 0
1184048723 0 0 6567 0 1302 0 3046 0 1575 0 0 0 0 0 0 0 0 0 0 0
1184049007 0 0 6567 0 1312 0 3046 0 1575 0 0 0 0 0 0 0 0 0 0 0
1184049838 0 0 6567 0 2600 0 3046 0 1575 0 0 0 0 0 0 0 0 0 0 0
1184051062 0 0 6567 0 2600 0 3046 0 1575 0 0 0 0 0 0 0 0 0 0 0
1184083529 0 0 6627 0 2600 0 3046 0 1575 0 0 0 0 0 0 0 0 0 0 0
1184085975 0 0 6627 0 2600 0 3046 0 1575 0 0 0 0 0 0 0 0 0 0 0
1184608200 0 0 6627 0 2601 0 3046 0 1575 0 0 0 0 0 0 0 0 0 0 0
1185701559 0 0 6627 0 2604 0 3046 0 1575 0 0 0 0 0 0 0 0 0 0 0
1186423120 0 0 6627 0 2612 0 3046 0 1575 0 0 0 0 0 0 0 0 0 0 0
1186562714 0 0 6627 0 2612 0 3046 0 1575 0 0 0 0 0 0 0 0 0 0 0
1187724119 0 0 6627 0 2613 0 3046 0 1575 0 0 0 0 0 0 0 0 0 0 0
1187755381 0 0 6627 0 2613 0 3046 0 1575 0 0 0 0 0 0 0 0 0 0 0
1190107502 4 0 6627 0 2613 0 3046 0 1575 0 0 0 0 0 0 0 0 0 0 0
1191441551 4 133 6627 0 2613 0 3046 0 1575 0 0 0 0 0 0 0 0 0 0 0
1191441835 4 133 6627 0 2613 0 3046 0 1575 0 0 0 0 0 0 0 0 0 0 0
1191441932 4 133 6627 0 2717 0 3046 0 1575 0 0 0 0 0 0 0 0 0 0 0
1191442269 4 133 6627 0 2722 0 3046 0 1575 0 0 0 0 0 0 0 0 0 0 0
1191444331 4 133 6627 0 2722 0 3046 0 1575 0 0 0 0 0 0 0 0 0 0 0
1191450448 4 133 6627 0 2722 0 3046 0 1575 0 0 0 0 0 0 0 0 0 0 0
1191450480 4 133 6627 0 2723 0 3046 0 1575 0 0 0 0 0 0 0 0 0 0 0
1191451496 4 133 6627 0 2726 0 3046 0 1575 0 0 0 0 0 0 0 0 0 0 0
1191453962 4 133 6627 0 2726 0 3046 0 1575 0 0 0 0 0 0 0 0 0 0 0
1191454211 4 133 6627 0 2726 0 3046 0 1575 0 0 0 0 0 0 0 0 0 0 0
1191455144 4 133 6627 0 2786 0 3046 0 1575 0 0 0 0 0 0 0 0 0 0 0
1191603340 4 133 6627 0 2786 0 3048 0 1575 0 0 0 0 0 0 0 0 0 0 0
1192497223 4 133 6627 0 2786 0 3048 0 1575 0 0 0 0 0 0 0 0 0 0 0
1194889734 4 133 6627 0 2786 0 3048 0 1575 0 12 0 0 0 0 0 0 0 0 0
1195023604 4 133 6627 0 2786 0 3048 0 1575 0 12 0 0 0 0 0 0 0 0 0
1195030057 11 133 6627 0 2786 0 3048 0 1575 0 12 0 0 0 0 0 0 0 0 0
1195060267 18 133 6627 0 2786 0 3048 0 1575 0 12 0 0 0 0 0 0 0 0 0
1195114425 18 184 6627 0 2786 0 3048 0 1575 0 12 0 0 0 0 0 0 0 0 0
1195146543 21 184 6627 0 2786 0 3048 0 1575 0 12 0 0 0 0 0 0 0 0 0
1195199025 21 189 6627 0 2786 0 3048 0 1575 0 12 0 0 0 0 0 0 0 0 0
1195199050 21 192 6627 0 2786 0 3048 0 1575 0 12 0 0 0 0 0 0 0 0 0
1195199070 21 192 6627 0 2786 0 3048 0 1575 0 12 0 0 0 0 0 0 0 0 0
1195199079 21 192 6627 0 2786 0 3048 0 1575 0 12 0 0 0 0 0 0 0 0 0
1195204421 21 192 6627 0 2786 0 3048 0 1575 0 21 0 0 0 0 0 0 0 0 0
1195205767 21 192 6627 0 2786 0 3048 0 1575 0 22 0 0 0 0 0 0 0 0 0
1195208882 23 192 6627 0 2786 0 3048 0 1575 0 22 0 0 0 0 0 0 0 0 0
1195418237 27 192 6627 0 2786 0 3048 0 1575 0 22 0 0 0 0 0 0 0 0 0
1195431318 27 192 6627 0 2786 0 3048 0 1575 0 40 0 0 0 0 0 0 0 0 0
1195542087 202 192 6627 0 2786 0 3048 0 1575 0 40 0 0 0 0 0 0 0 0 0
1195542116 218 192 6627 0 2786 0 3048 0 1575 0 40 0 0 0 0 0 0 0 0 0
1195542125 220 192 6627 0 2786 0 3048 0 1575 0 40 0 0 0 0 0 0 0 0 0
1195675127 232 192 6627 0 2786 0 3048 0 1575 0 40 0 0 0 0 0 0 0 0 0
1195675152 241 192 6627 0 2786 0 3048 0 1575 0 40 0 0 0 0 0 0 0 0 0
1196270702 241 192 6627 0 2786 0 3048 0 1575 0 40 0 0 0 0 0 0 0 0 0
1196551081 244 192 6627 0 2786 0 3048 0 1575 0 40 0 0 0 0 0 0 0 0 0
1196561211 245 192 6627 0 2786 0 3048 0 1575 0 40 0 0 0 0 0 0 0 0 0
1196574579 245 192 6627 0 2786 0 3048 0 1575 0 40 0 0 0 0 0 0 0 0 0
1196932369 246 192 6627 0 2786 0 3048 0 1575 0 40 0 0 0 0 0 0 0 0 0
1196933802 256 192 6627 0 2786 0 3048 0 1575 0 40 0 0 0 0 0 0 0 0 0
1196933929 257 192 6627 0 2786 0 3048 0 1575 0 40 0 0 0 0 0 0 0 0 0
1197007019 278 192 6627 0 2786 0 3048 0 1575 0 40 0 0 0 0 0 0 0 0 0
1197087361 278 192 6627 0 2786 0 3048 0 1575 0 50 0 0 0 0 0 0 0 0 0
1197087373 278 192 6627 0 2786 0 3048 0 1575 0 60 0 0 0 0 0 0 0 0 0
1197087384 278 192 6627 0 2786 0 3048 0 1575 0 67 0 0 0 0 0 0 0 0 0
1198227720 278 192 6627 0 2786 0 3048 0 1575 0 70 0 0 0 0 0 0 0 0 0
1202704703 278 192 6627 0 2786 0 3048 0 1575 0 89 0 0 0 0 0 0 0 0 0
1202709572 282 192 6627 0 2786 0 3048 0 1575 0 89 0 0 0 0 0 0 0 0 0
1202709576 282 192 6627 1 2786 0 3048 0 1575 0 89 0 0 0 0 0 0 0 0 0
1202709640 284 192 6627 1 2786 0 3048 0 1575 0 89 0 0 0 0 0 0 0 0 0
1202715284 284 192 6627 2 2786 0 3048 0 1575 0 89 0 0 0 0 0 0 0 0 0
1202715866 284 192 6627 9 2786 0 3048 0 1575 0 89 0 0 0 0 0 0 0 0 0
1203326562 284 192 6627 9 2786 0 3048 0 1575 55 89 0 0 0 0 0 0 0 0 0
1203326567 284 192 6627 9 2786 0 3048 0 1575 212 89 0 0 0 0 0 0 0 0 0
1203329417 284 192 6627 21 2786 0 3048 0 1575 212 89 0 0 0 0 0 0 0 0 0
1203329420 284 192 6627 38 2786 0 3048 0 1575 212 89 0 0 0 0 0 0 0 0 0
1203330382 284 192 6627 38 2786 0 3048 0 1575 216 89 0 0 0 0 0 0 0 0 0
1203407113 295 192 6627 38 2786 0 3048 0 1575 216 89 0 0 0 0 0 0 0 0 0
1203655080 295 192 6627 38 2786 0 3048 0 1575 216 89 0 0 0 0 0 0 0 0 0
1203656261 295 192 6627 38 2786 0 3048 0 1575 216 274 0 0 0 0 0 0 0 0 0
1203656275 296 192 6627 38 2786 0 3048 0 1575 216 274 0 0 0 0 0 0 0 0 0
1203656723 298 192 6627 38 2786 0 3048 0 1575 216 274 0 0 0 0 0 0 0 0 0
1203892114 298 192 6627 38 2786 0 3048 0 1575 222 274 0 0 0 0 0 0 0 0 0
1203958605 298 192 6627 169 2786 0 3048 0 1575 222 274 0 0 0 0 0 0 0 0 0
1204083438 298 192 6627 169 2786 0 3048 0 1575 296 274 0 0 0 0 0 0 0 0 0
1204106879 298 192 6627 169 2786 0 3048 0 1575 300 274 0 0 0 0 0 0 0 0 0
1204314201 298 196 6627 169 2786 0 3048 0 1575 300 274 0 0 0 0 0 0 0 0 0
1204520897 307 196 6627 169 2786 0 3048 0 1575 300 274 0 0 0 0 0 0 0 0 0
1204520903 307 196 6627 169 2786 0 3048 0 1575 300 274 0 0 0 0 0 0 0 0 0
1204520906 316 196 6627 169 2786 0 3048 0 1575 300 274 0 0 0 0 0 0 0 0 0
1204520911 326 196 6627 169 2786 0 3048 0 1575 300 274 0 0 0 0 0 0 0 0 0
1204520916 358 196 6627 169 2786 0 3048 0 1575 300 274 0 0 0 0 0 0 0 0 0
1204520920 374 196 6627 169 2786 0 3048 0 1575 300 274 0 0 0 0 0 0 0 0 0
1204520924 380 196 6627 169 2786 0 3048 0 1575 300 274 0 0 0 0 0 0 0 0 0
1204520927 380 196 6627 169 2786 0 3048 0 1575 300 274 0 0 0 0 0 0 0 0 0
1204569930 480 1051 6627 169 2786 0 3048 0 1575 300 274 0 809 0 0 0 2296 0 0 0
1209337907 480 1075 6627 169 2786 0 3048 0 1575 300 274 0 809 0 0 0 2296 0 0 0
1209338510 480 1149 6627 169 2786 0 3048 0 1575 300 274 0 809 0 0 0 2296 0 0 0
1209339070 480 1151 6627 169 2786 0 3048 0 1575 300 274 0 809 0 0 0 2296 0 0 0
1209339151 553 1240 6627 1924 2786 0 3048 0 1575 300 274 0 809 0 0 0 3047 0 0 0
1209369959 553 1240 6627 1924 2786 68 3048 0 1575 300 274 0 809 0 0 0 3047 0 0 0
1209401826 553 1261 6627 1924 2786 68 3048 0 1575 300 274 0 809 0 0 0 3047 0 0 0
1209504656 553 1261 6627 2738 2786 68 3048 0 1575 300 274 0 809 0 0 0 3047 0 0 0
1209520599 553 1262 6627 2738 2786 68 3048 0 1575 300 274 0 809 0 0 0 3047 0 0 0
1209521197 553 1274 6627 2738 2786 68 3048 0 1575 300 274 0 809 0 0 0 3047 0 0 0
1209521786 553 1276 6627 2738 2786 68 3048 0 1575 300 274 0 809 0 0 0 3047 0 0 0
1209779228 553 1276 6627 2739 2786 68 3048 0 1575 300 274 0 809 0 0 0 3047 0 0 0
1209800118 553 1279 6627 2739 2786 68 3048 0 1575 300 274 0 809 0 0 0 3047 0 0 0
1210318132 553 1279 6627 2739 2786 75 3048 0 1575 300 274 0 809 0 0 0 3047 0 0 0
1213241769 568 1279 6627 2739 2786 75 3048 0 1575 300 274 0 809 0 0 0 3047 0 0 0
1213244266 568 1279 6627 2739 2786 75 3048 0 1575 300 274 0 809 0 0 0 3047 0 0 0
1213372872 568 1281 6627 2739 2786 75 3048 0 1575 300 274 0 809 0 0 0 3047 0 0 0
1213373355 568 1281 6627 2739 2786 75 3048 0 1575 300 274 0 809 0 0 0 3047 0 0 0
1213813822 568 1282 6627 2739 2786 75 3048 0 1575 300 274 0 809 0 0 0 3047 0 0 0
1213813914 568 1282 6627 2739 2786 75 3048 0 1575 300 275 0 809 0 0 0 3047 0 0 0
1213816310 568 1284 6627 2739 2786 75 3048 0 1575 300 275 0 809 0 0 0 3047 0 0 0
1213820389 568 1284 6627 2739 2786 75 3048 0 1575 300 275 0 809 0 0 0 3047 0 0 0
1213820427 568 1287 6627 2739 2786 75 3048 0 1575 300 275 0 809 0 0 0 3047 0 0 0
1213889350 568 1287 6627 2739 2786 75 3048 0 1575 300 275 0 809 0 0 0 3047 0 0 0
1213889387 568 1287 6627 2739 2786 75 3048 0 1575 300 275 0 809 0 0 0 3047 0 0 0
1215071776 568 1287 6627 2739 2786 318 3048 0 1575 300 275 0 809 0 0 0 3047 0 0 0
1215512935 568 1287 6627 2739 2786 483 3048 0 1575 300 275 0 809 0 0 0 3047 0 0 0
1217235341 625 1287 6627 3637 2786 483 3048 51 1575 300 275 0 809 0 0 0 3047 0 0 0
1217349534 625 1287 6627 3639 2786 483 3048 51 1575 300 275 0 809 0 0 0 3047 0 0 0
1220148729 640 1287 6627 3639 2786 483 3048 51 1575 300 275 0 809 0 0 0 3047 0 0 0
1220148924 658 1287 6627 3639 2786 483 3048 51 1575 300 275 0 809 0 0 0 3047 0 0 0
1220149372 659 1287 6627 3639 2786 483 3048 51 1575 300 275 0 809 0 0 0 3047 0 0 0
1220162708 667 1287 6627 3639 2786 483 3048 51 1575 300 275 0 809 0 0 0 3047 0 0 0
1220223337 668 1287 6627 3639 2786 483 3048 51 1575 300 275 0 809 0 0 0 3047 0 0 0
1220247525 668 1287 6627 3639 2786 483 3048 51 1575 300 275 0 809 0 0 0 3047 0 0 0
1220247903 668 1287 6627 3639 2786 483 3048 51 1575 300 275 0 809 0 0 0 3047 0 0 0
1220690767 668 1287 6627 3639 2786 483 3048 51 1575 305 275 0 809 0 0 0 3047 0 0 0
1220691762 668 1287 6627 3639 2786 483 3048 51 1575 337 275 0 809 0 0 0 3047 0 0 0
1220692114 668 1287 6627 3639 2786 483 3048 51 1575 348 275 0 809 0 0 0 3047 0 0 0
1220692343 668 1287 6627 3639 2786 483 3048 51 1575 359 275 0 809 0 0 0 3047 0 0 0
1220739281 675 1287 6627 3639 2786 483 3048 51 1575 359 275 0 809 0 0 0 3047 0 0 0
1220740521 684 1287 6627 3639 2786 483 3048 51 1575 359 275 0 809 0 0 0 3047 0 0 0
1220741528 708 1287 6627 3639 2786 483 3048 51 1575 359 275 0 809 0 0 0 3047 0 0 0
1220742127 747 1287 6627 6550 2786 767 3048 102 1575 359 275 0 809 0 0 0 3047 0 0 0
1220948640 747 1287 6627 6550 2786 875 3048 102 1575 359 275 0 809 0 0 0 3047 0 0 0
1220955396 747 1287 6627 6550 2786 987 3048 102 1575 359 275 0 809 0 0 0 3047 0 0 0
1221041407 747 1287 6627 6550 2786 1086 3048 102 1575 359 275 0 809 0 0 0 3047 0 0 0
1221049945 747 1287 6627 6550 2786 1094 3048 102 1575 359 275 0 809 0 0 0 3047 0 0 0
1221120526 747 1287 6627 6550 2786 1111 3048 102 1575 359 275 0 809 0 0 0 3047 0 0 0
1221131246 747 1287 6627 6550 2786 1156 3048 102 1575 359 275 0 809 0 0 0 3047 0 0 0
1221396998 747 1287 6627 6550 2786 1179 3048 102 1575 359 275 0 809 0 0 0 3047 0 0 0
1222082267 747 1287 6627 6550 2786 1189 3048 102 1575 359 275 0 809 0 0 0 3047 0 0 0
1222233501 747 1287 6627 6550 2786 1189 3048 102 1575 359 275 0 809 0 0 0 3047 0 0 0
1222243852 747 1287 6627 6550 2786 1204 3048 102 1575 359 275 0 809 0 0 0 3047 0 0 0
1222658242 779 1287 6627 6550 2786 1204 3048 102 1575 359 275 0 809 0 0 0 3047 0 0 0
1222672830 799 1287 6627 6550 2786 1204 3048 102 1575 359 275 0 809 0 0 0 3047 0 0 0
1222674055 813 1287 6627 6550 2786 1204 3048 102 1575 359 275 0 809 0 0 0 3047 0 0 0
1222674761 813 1287 6627 6550 2786 1204 3048 102 1575 359 275 0 809 0 0 0 3047 0 0 0
1222687644 813 1287 6627 6567 2786 1204 3048 102 1575 359 275 0 809 0 0 0 3047 0 0 0
1222746436 813 1287 6627 6567 2786 1204 3048 102 1575 364 275 0 809 0 0 0 3047 0 0 0
1222756546 813 1287 6627 6567 2786 1236 3048 102 1575 364 275 0 809 0 0 0 3047 0 0 0
1222759008 813 1287 6627 6567 2786 1236 3048 102 1575 386 275 0 809 0 0 0 3047 0 0 0
1222762097 820 1287 6627 6567 2786 1236 3048 102 1575 386 275 0 809 0 0 0 3047 0 0 0
1222764864 852 1287 6627 6567 2786 1236 3048 102 1575 386 275 0 809 0 0 0 3047 0 0 0
1222862386 852 1287 6627 6567 2786 1298 3048 102 1575 386 275 0 809 0 0 0 3047 0 0 0
1222934288 852 1287 6627 6567 2786 1521 3048 102 1575 386 275 0 809 0 0 0 3047 0 0 0
1222936895 852 1287 6627 6567 2786 1523 3048 102 1575 386 275 0 809 0 0 0 3047 0 0 0
1222944127 852 1287 6627 7046 2786 1523 3048 102 1575 386 275 0 809 0 0 0 3047 0 0 0
1222950933 852 1287 6627 7133 2786 1523 3048 102 1575 386 275 0 809 0 0 0 3047 0 0 0
1223029868 852 1287 6627 7133 2786 1533 3048 102 1575 386 275 0 809 0 0 0 3047 0 0 0
1223187708 852 1287 6627 7133 2786 1585 3048 102 1575 386 275 0 809 0 0 0 3047 0 0 0
1223279236 852 1287 6627 7133 2786 1586 3048 102 1575 386 275 0 809 0 0 0 3047 0 0 0
1223290361 852 1287 6627 7194 2786 1586 3048 102 1575 386 275 0 809 0 0 0 3047 0 0 0
1223291254 852 1287 6627 7221 2786 1586 3048 102 1575 386 275 0 809 0 0 0 3047 0 0 0
1223291481 852 1287 6627 7231 2786 1586 3048 102 1575 386 275 0 809 0 0 0 3047 0 0 0
1223295867 852 1287 6627 7247 2786 1586 3048 102 1575 386 275 0 809 0 0 0 3047 0 0 0
1223456723 852 1287 6627 7247 2786 1644 3048 102 1575 386 275 0 809 0 0 0 3047 0 0 0
1223461682 852 1287 6627 7248 2786 1644 3048 102 1575 386 275 0 809 0 0 0 3047 0 0 0
1224040847 852 1287 6627 7248 2786 1646 3048 102 1575 386 275 0 809 0 0 0 3047 0 0 0
1224419605 852 1287 6627 7248 2786 1886 3048 102 1575 386 275 0 809 0 0 0 3047 0 0 0
1225160609 852 1306 6627 7248 2786 1886 3048 102 1575 386 275 0 809 0 0 0 3047 0 0 0
1227647674 852 1306 6627 7311 2786 1886 3048 102 1575 386 275 0 809 0 0 0 3047 0 0 0
1227661317 852 1306 6627 7314 2786 1886 3048 102 1575 386 275 0 809 0 0 0 3047 0 0 0
1227695335 852 1306 6627 7315 2786 1886 3048 102 1575 386 275 0 809 0 0 0 3047 0 0 0
1228152418 852 1306 6627 7316 2786 1886 3048 102 1575 386 275 0 809 0 0 0 3047 0 0 0
1228387965 852 1306 6627 7357 2786 1886 3048 102 1575 386 275 0 809 0 0 0 3047 0 0 0
1229753098 852 1306 6627 7357 2786 1886 3048 102 1575 386 275 0 809 0 0 0 3047 0 0 0
1231143268 852 1306 6627 7357 2786 1887 3048 102 1575 386 275 0 809 0 0 0 3047 0 0 0
1231819062 852 1306 6627 7357 2786 1887 3048 102 1575 386 275 0 809 0 0 0 3047 0 0 0
1232408738 852 1332 6627 7357 2786 1887 3048 102 1575 386 275 0 809 0 0 0 3047 0 0 0
1232413507 852 1336 6627 7357 2786 1887 3048 102 1575 386 275 0 809 0 0 0 3047 0 0 0
1232574325 852 1365 6627 7357 2786 1887 3048 102 1575 386 275 0 809 0 0 0 3047 0 0 0
1232586849 852 1365 6627 7590 2786 1887 3048 102 1575 386 275 0 809 0 0 0 3047 0 0 0
1232749705 852 1367 6627 7590 2786 1887 3048 102 1575 386 275 0 809 0 0 0 3047 0 0 0
1232758662 852 1503 6627 7590 2786 1887 3048 102 1575 386 275 0 809 0 0 0 3047 0 0 0
1232759850 852 1516 6627 7590 2786 1887 3048 102 1575 386 275 0 809 0 0 0 3047 0 0 0
1232869041 852 1517 6627 7590 2786 1887 3048 102 1575 386 275 0 809 0 0 0 3047 0 0 0
1232934145 852 1518 6627 7590 2786 1887 3048 102 1575 386 275 0 809 0 0 0 3047 0 0 0
1232934227 852 1532 6627 7590 2786 1887 3048 102 1575 386 275 0 809 0 0 0 3047 0 0 0
1232934377 852 1540 6627 7590 2786 1887 3048 102 1575 386 275 0 809 0 0 0 3047 0 0 0
1232934645 852 1556 6627 7590 2786 1887 3048 102 1575 386 275 0 809 0 0 0 3047 0 0 0
1232935593 852 1560 6627 7590 2786 1887 3048 102 1575 386 275 0 809 0 0 0 3047 0 0 0
1232936047 852 1561 6627 7590 2786 1887 3048 102 1575 386 275 0 809 0 0 0 3047 0 0 0
1232936871 852 1586 6627 7590 2786 1887 3048 102 1575 386 275 0 809 0 0 0 3047 0 0 0
1233057468 852 1586 6627 7688 2786 1887 3048 102 1575 386 275 0 809 0 0 0 3047 0 0 0
1233093711 852 1632 6627 7688 2786 1887 3048 102 1575 386 275 0 809 0 0 0 3047 0 0 0
1233136175 852 1632 6627 7688 2786 1887 3048 102 1575 386 275 0 809 0 0 0 3047 0 0 0
1233139923 852 1632 6627 7690 2786 1887 3048 102 1575 386 275 0 809 0 0 0 3047 0 0 0
1233161140 852 1632 6627 7692 2786 1887 3048 102 1575 386 275 0 809 0 0 0 3047 0 0 0
1233226311 852 1632 6627 7692 2786 1887 3048 102 1575 386 275 0 809 0 0 0 3047 0 0 0
1233276736 852 1635 6627 7692 2786 1887 3048 102 1575 386 275 0 809 0 0 0 3047 0 0 0
1233276887 852 1636 6627 7692 2786 1887 3048 102 1575 386 275 0 809 0 0 0 3047 0 0 0
1233624010 852 1682 6627 7692 2786 1887 3048 102 1575 386 275 0 809 0 0 0 3047 0 0 0
1233625686 852 1684 6627 7692 2786 1887 3048 102 1575 386 275 0 809 0 0 0 3047 0 0 0
1233625885 852 1684 6627 7692 2786 1887 3048 102 1575 386 275 0 809 0 0 0 3047 0 0 0
1233626194 852 1686 6627 7692 2786 1887 3048 102 1575 386 275 0 809 0 0 0 3047 0 0 0
1233626610 852 1692 6627 7692 2786 1887 3048 102 1575 386 275 0 809 0 0 0 3047 0 0 0
1233627496 852 1693 6627 7692 2786 1887 3048 102 1575 386 275 0 809 0 0 0 3047 0 0 0
1233627695 852 1694 6627 7692 2786 1887 3048 102 1575 386 275 0 809 0 0 0 3047 0 0 0
1234171577 852 1694 6627 7693 2786 1887 3048 102 1575 386 275 0 809 0 0 0 3047 0 0 0
1234404194 852 1726 6627 7693 2786 1887 3048 102 1575 386 275 0 809 0 0 0 3047 0 0 0
1234477723 852 1734 6627 7693 2786 1887 3048 102 1575 386 275 0 809 0 0 0 3047 0 0 0
1234489910 852 1736 6627 7693 2786 1887 3048 102 1575 386 275 0 809 0 0 0 3047 0 0 0
1234492561 852 1743 6627 7693 2786 1887 3048 102 1575 386 275 0 809 0 0 0 3047 0 0 0
1234563756 852 1752 6627 7693 2786 1887 3048 102 1575 386 275 0 809 0 0 0 3047 0 0 0
1234568029 852 1752 6627 7693 2786 1887 3048 102 1575 386 275 0 809 0 0 0 3047 0 0 0
1234570260 852 1757 6627 7693 2786 1887 3048 102 1575 386 275 0 809 0 0 0 3047 0 0 0
1234582307 852 1766 6627 7693 2786 1887 3048 102 1575 386 275 0 809 0 0 0 3047 0 0 0
1234583162 852 1795 6627 7693 2786 1887 3048 102 1575 386 275 0 809 0 0 0 3047 0 0 0
1234587550 852 1839 6627 7693 2786 1887 3048 102 1575 386 275 0 809 0 0 0 3047 0 0 0
1234591084 852 1840 6627 7693 2786 1887 3048 102 1575 386 275 0 809 0 0 0 3047 0 0 0
1235501077 852 1880 6627 7693 2786 1887 3048 102 1575 386 275 0 809 0 0 0 3047 0 0 0
1235506904 852 1893 6627 7693 2786 1887 3048 102 1575 386 275 0 809 0 0 0 3047 0 0 0
1235511290 852 1912 6627 7693 2786 1887 3048 102 1575 386 275 0 809 0 0 0 3047 0 0 0
1235512785 852 1913 6627 7693 2786 1887 3048 102 1575 386 275 0 809 0 0 0 3047 0 0 0
1235535919 852 1929 6627 7693 2786 1887 3048 102 1575 386 275 0 809 0 0 0 3047 0 0 0
1235538071 852 1942 6627 7693 2786 1887 3048 106 1575 386 275 0 809 0 0 0 3047 0 0 0
1235666972 852 1967 6627 7693 2786 1887 3048 106 1575 386 275 0 809 0 0 0 3047 0 0 0
1235933169 852 1973 6627 7693 2786 1887 3048 106 1575 386 275 0 809 0 0 0 3047 0 0 0
1235956683 852 1973 6627 7693 2786 1887 3048 106 1575 386 275 0 809 0 0 0 3047 0 0 0
1235985334 852 1973 6627 8147 2786 1887 3048 124 1575 386 275 0 809 0 0 0 3047 0 0 0
1235991078 852 1973 6627 8150 2786 1887 3048 124 1575 386 275 0 809 0 0 0 3047 0 0 0
1235996880 852 1973 6627 8155 2786 1887 3048 124 1575 386 275 0 809 0 0 0 3047 0 0 0
1236105784 852 1973 6627 8228 2786 1887 3048 124 1575 386 275 0 809 0 0 0 3047 0 0 0
1236160247 852 1973 6627 8354 2786 1887 3048 124 1575 386 275 0 809 0 0 0 3047 0 0 0
1236164124 852 1973 6627 8358 2786 1887 3048 124 1575 386 275 0 809 0 0 0 3047 0 0 0
1236170901 852 1973 6627 8379 2786 1887 3048 124 1575 386 275 0 809 0 0 0 3047 0 0 0
1236172694 852 1973 6627 8383 2786 1887 3048 124 1575 386 275 0 809 0 0 0 3047 0 0 0
1236173363 852 1973 6627 8384 2786 1887 3048 124 1575 386 275 0 809 0 0 0 3047 0 0 0
1236180968 852 1973 6627 8411 2786 1887 3048 124 1575 386 275 0 809 0 0 0 3047 0 0 0
1236258497 852 1973 6627 8467 2786 1887 3048 124 1575 386 275 0 809 0 0 0 3047 0 0 0
1236338814 852 1973 6627 8493 2786 1887 3048 124 1575 386 275 0 809 0 0 0 3047 0 0 0
1236356645 852 1974 6627 8493 2786 1887 3048 124 1575 386 275 0 809 0 0 0 3047 0 0 0
1236386431 852 1974 6627 8493 2786 1887 3048 124 1575 386 275 0 809 0 0 0 3047 0 0 0
1236386689 852 1981 6627 8493 2786 1887 3048 124 1575 386 275 0 809 0 0 0 3047 0 0 0
1236386936 852 1983 6627 8493 2786 1887 3048 124 1575 386 275 0 809 0 0 0 3047 0 0 0
1236389225 852 2045 6627 8493 2786 1887 3048 124 1575 386 275 0 809 0 0 0 3047 0 0 0
1236393898 852 2063 6627 8493 2786 1887 3048 124 1575 386 275 0 809 0 0 0 3047 0 0 0
1236401577 852 2120 6627 8493 2786 1887 3048 124 1575 386 275 0 809 0 0 0 3047 0 0 0
1236413134 852 2244 6627 8493 2786 1887 3048 124 1575 386 275 0 809 0 0 0 3047 0 0 0
1236465599 852 2339 6627 8493 2786 1887 3048 124 1575 386 275 0 809 0 0 0 3047 0 0 0
1236573822 852 2360 6627 8493 2786 1887 3048 124 1575 386 275 0 809 0 0 0 3047 0 0 0
1236574495 852 2400 6627 8493 2786 1887 3048 124 1575 386 275 0 809 0 0 0 3047 0 0 0
1236575048 852 2411 6627 8493 2786 1887 3048 124 1575 386 275 0 809 0 0 0 3047 0 0 0
1236575196 852 2428 6627 8493 2786 1887 3048 124 1575 386 275 0 809 0 0 0 3047 0 0 0
1236576205 852 2436 6627 8493 2786 1887 3048 124 1575 386 275 0 809 0 0 0 3047 0 0 0
1236634542 852 2438 6627 8493 2786 1887 3048 124 1575 386 275 0 809 0 0 0 3047 0 0 0
1236689527 852 2438 6627 8497 2786 1887 3048 124 1575 386 275 0 809 0 0 0 3047 0 0 0
1236691019 852 2438 6627 8550 2786 1887 3048 124 1575 386 275 0 809 0 0 0 3047 0 0 0
1236697327 852 2438 6627 8586 2786 1887 3048 124 1575 386 275 0 809 0 0 0 3047 0 0 0
1236699334 852 2471 6627 8586 2786 1887 3048 124 1575 386 275 0 809 0 0 0 3047 0 0 0
1236699922 852 2471 6627 8586 2786 1887 3048 124 1575 386 275 0 809 0 0 0 3047 0 0 0
1236700133 852 2486 6627 8586 2786 1887 3048 124 1575 386 275 0 809 0 0 0 3047 0 0 0
1236755937 852 2497 6627 8586 2786 1887 3048 124 1575 386 275 0 809 0 0 0 3047 0 0 0
1236796277 852 2577 6627 8586 2786 1887 3048 124 1575 386 275 0 809 0 0 0 3047 0 0 0
1236798291 852 2577 6627 8586 2786 1891 3048 124 1575 386 275 0 809 0 0 0 3047 0 0 0
1236800926 852 2581 6627 8586 2786 1891 3048 124 1575 386 275 0 809 0 0 0 3047 0 0 0
1236806914 852 2611 6627 8586 2786 1891 3048 124 1575 386 275 0 809 0 0 0 3047 0 0 0
1236808404 852 2627 6627 8586 2786 1891 3048 124 1575 386 275 0 809 0 0 0 3047 0 0 0
1236808506 852 2629 6627 8586 2786 1891 3048 124 1575 386 275 0 809 0 0 0 3047 0 0 0
1236928827 852 2636 6627 8602 2786 1891 3048 124 1575 386 275 0 809 0 0 0 3047 0 0 0
1237001054 852 2639 6627 8602 2786 1891 3048 124 1575 386 275 0 809 0 0 0 3047 0 0 0
1237183726 852 2639 6627 8602 2786 1891 3048 124 1575 386 275 0 809 0 0 0 3047 0 0 0
1237234281 852 2639 6627 8606 2786 1891 3048 124 1575 386 275 0 809 0 0 0 3047 0 0 0
1237290516 852 2639 6627 8669 2786 1891 3048 124 1575 386 275 0 809 0 0 0 3047 0 0 0
1237379667 852 2639 6627 8669 2786 1891 3048 124 1575 386 275 0 809 0 0 0 3047 0 0 0
1237436266 852 2673 6627 8669 2786 1891 3048 124 1575 386 275 0 809 0 0 0 3047 0 0 0
1237449588 852 2673 6627 8679 2786 1891 3048 124 1575 386 275 0 809 0 0 0 3047 0 0 0
1237452731 852 3019 6807 8679 2786 1891 3048 124 1575 386 275 0 809 0 0 0 3047 0 0 0
1237461746 852 3019 6807 8684 2786 1891 3048 124 1575 386 275 0 809 0 0 0 3047 0 0 0
1237627277 852 3019 6807 8684 2786 1891 3048 124 1575 386 275 0 809 0 0 0 3047 0 0 0
1237838115 852 3046 6807 8686 2786 1891 3048 124 1575 386 275 0 809 0 0 0 3047 0 0 0
1237876959 852 3049 6807 8686 2786 1891 3048 124 1575 386 275 0 809 0 0 0 3047 0 0 0
1237924787 852 3285 6807 8735 2786 1891 3048 124 1575 386 275 0 809 0 0 0 3047 0 0 0
1238007711 852 3285 6807 8735 2786 1891 3048 125 1575 386 275 0 809 0 0 0 3047 0 0 0
1238008561 852 3285 6807 8735 2786 1891 3048 148 1575 386 275 0 809 0 0 0 3047 0 0 0
1238049944 852 3285 6807 8735 2786 1891 3048 157 1575 386 275 0 809 0 0 0 3047 0 0 0
1238050995 852 3301 6807 8735 2786 1891 3048 183 1575 386 275 0 809 0 0 0 3047 0 0 0
1238175278 856 3340 6807 8735 2786 1891 3048 183 1575 386 275 0 809 0 0 0 3047 0 0 0
1238224598 908 3340 6807 8735 2786 1891 3048 183 1575 386 275 0 809 0 0 0 3047 0 0 0
1238348158 958 3345 6807 8735 2786 1891 3048 183 1575 386 275 0 809 0 0 0 3047 0 0 0
1238427111 958 3349 6807 8735 2786 1891 3048 183 1575 386 275 0 809 0 0 0 3047 0 0 0
1238538638 958 3375 6807 8735 2786 1891 3048 183 1575 386 275 0 809 0 0 0 3047 0 0 0
1238620838 959 3375 6807 8735 2786 1891 3048 183 1575 386 275 0 809 0 0 0 3047 0 0 0
1238688996 959 3375 6807 8972 2786 1891 3048 183 1575 386 275 0 809 0 0 0 3047 0 0 0
1238697739 959 3380 6807 8972 2786 1891 3048 183 1575 386 275 0 809 0 0 0 3047 0 0 0
1238781285 959 3384 6807 8972 2786 1891 3048 183 1575 386 275 0 809 0 0 0 3047 0 0 0
1239005002 959 3384 6807 8972 2786 1931 3048 183 1575 386 275 0 809 0 0 0 3047 0 0 0
1239036983 959 3390 6807 8972 2786 1931 3048 183 1575 386 275 0 809 0 0 0 3047 0 0 0
1239037009 959 3392 6807 8972 2786 1931 3048 183 1575 386 275 0 809 0 0 0 3047 0 0 0
1239038837 959 3398 6807 8972 2786 1931 3048 185 1575 386 275 0 809 0 0 0 3047 0 0 0
1239429734 973 3398 6807 8972 2786 1931 3048 185 1575 386 275 0 809 0 0 0 3047 0 0 0
1239431107 979 3398 6807 8972 2786 1931 3048 185 1575 386 275 0 809 0 0 0 3047 0 0 0
1239451950 979 3398 6807 9546 2786 1931 3048 185 1575 386 275 0 809 0 0 0 3047 0 0 0
1240007832 979 4970 6807 9625 2786 1931 3048 185 1575 386 275 0 809 0 0 0 3047 0 0 0
1240010837 979 4971 6807 9625 2786 1931 3048 185 1575 386 275 0 809 0 0 0 3047 0 0 0
1242246284 979 5077 6807 9625 2786 1931 3048 185 1575 386 275 0 809 0 0 0 3047 0 0 0
1242248898 979 5143 6807 9625 2786 1931 3048 185 1575 386 275 0 809 0 0 0 3047 0 0 0
1242340239 979 5167 6807 9625 2786 1931 3048 185 1575 386 275 0 809 0 0 0 3047 0 0 0
1244525585 979 5167 6807 9625 2786 1931 3048 185 1575 386 275 0 809 0 0 0 3047 0 0 12
1245567954 979 5209 6807 9625 2786 1931 3048 185 1575 386 275 0 809 0 0 0 3047 0 0 12
1246151063 979 5251 6807 9625 2786 1931 3048 185 1575 386 275 0 809 0 0 0 3047 0 0 12
1246392168 979 5251 6807 9677 2786 1931 3048 185 1575 386 275 0 809 0 0 0 3047 0 0 12
1246504175 979 5253 6807 9677 2786 1931 3048 185 1575 386 275 0 809 0 0 0 3047 0 0 12
1247160677 979 5254 6807 9677 2786 1931 3048 185 1575 386 275 0 809 0 0 0 3047 0 0 12
1247161496 979 5261 6807 9677 2786 1931 3048 185 1575 386 275 0 809 0 0 0 3047 0 0 12
1247249977 979 5261 6807 9677 2786 1931 3048 185 1575 386 275 0 809 0 0 0 3047 0 0 12
1247283005 979 5262 6807 9677 2786 1931 3048 185 1575 386 275 0 809 0 0 0 3047 0 0 12
1247559194 979 5262 6807 9677 2786 1931 3048 186 1575 386 275 0 809 0 0 0 3047 0 0 12
1247563772 979 5262 6807 9677 2786 1931 3048 186 1575 386 275 0 809 0 0 0 3047 0 0 12
1250166185 979 5262 6807 9834 2786 1931 3048 186 1575 386 275 0 809 0 0 0 3047 0 0 12
1250196797 979 5319 6807 9954 2786 1931 3048 186 1575 386 275 0 809 0 0 0 3047 0 0 12
1250316366 979 5432 6807 9954 2786 1931 3048 186 1575 386 275 0 809 0 0 0 3047 0 0 12
1250617312 979 5453 6807 9954 2786 1931 3048 186 1575 386 275 0 809 0 0 0 3047 0 0 12
1250617949 979 5554 6807 9980 2786 1931 3048 186 1575 386 275 0 809 0 0 0 3047 0 0 12
1250719733 979 5554 6807 9984 2786 1931 3048 186 1575 386 275 0 809 0 0 0 3047 0 0 12
1250721319 979 5572 6807 9984 2786 1931 3048 186 1575 386 275 0 809 0 0 0 3047 0 0 12
1250731195 979 5572 6807 9985 2786 1931 3048 186 1575 386 275 0 809 0 0 0 3047 0 0 71
1251008237 979 5573 6807 10006 2786 1931 3048 186 1575 386 275 0 809 0 0 0 3047 0 0 71
1251013462 979 5590 6807 10006 2786 1931 3048 186 1575 386 275 0 809 0 0 0 3047 0 0 71
1251056309 979 5590 6807 10006 2786 1931 3048 186 1575 386 275 0 809 0 0 0 3047 0 0 71
1251184752 986 5590 6807 10006 2786 1931 3048 186 1575 386 275 0 809 0 0 0 3047 0 0 71
1251279374 1018 5602 6807 10006 2786 1931 3048 186 1575 386 275 0 809 0 0 0 3047 0 0 71
1251323481 1018 5602 6807 10035 2786 1931 3048 186 1575 386 275 0 809 0 0 0 3047 0 0 71
1251837742 1018 5604 6807 10035 2786 1931 3048 186 1575 386 275 0 809 0 0 0 3047 0 0 71
1251928629 1018 5609 6807 11287 2786 1931 3048 186 1575 386 275 0 809 0 0 0 3047 0 0 71
1252592486 1018 5610 6807 11287 2786 1931 3048 186 1575 386 275 0 809 0 0 0 3047 0 0 71
1252620213 1018 5610 6807 11295 2786 1931 3048 186 1575 386 275 0 809 0 0 0 3047 0 0 71
1252953100 1018 5612 6807 11295 2786 1931 3048 186 1575 386 275 0 809 0 0 0 3047 0 0 71
1252953117 1018 5612 6807 11295 2786 1931 3048 186 1575 386 275 0 809 0 0 0 3047 0 0 71
1252953146 1018 5629 6807 11295 2786 1931 3048 186 1575 386 275 0 809 0 0 0 3047 0 0 71
1252968717 1018 6450 6807 11295 2786 1931 3048 186 1575 386 275 0 809 0 0 0 3047 0 0 71
1253035089 1018 6452 6807 11295 2786 1931 3048 186 1575 386 275 0 809 0 0 0 3047 0 0 71
1253168897 1018 6509 6807 11295 2786 1931 3048 186 1575 386 275 0 809 0 0 0 3047 0 0 71
1253170453 1018 6869 6807 11295 2786 1931 3048 186 1575 386 275 0 809 0 0 0 3047 0 0 71
1253197321 1018 6869 6807 11304 2786 1931 3048 186 1575 386 275 0 809 0 0 0 3047 0 0 71
1253310995 1018 6869 6807 11304 2786 1931 3048 186 1575 386 275 0 809 0 0 0 3047 0 0 71
1253615698 1018 6869 6807 11375 2786 1931 3048 186 1575 386 275 0 809 0 0 0 3047 0 0 71
1254871361 1023 6869 6807 11375 2786 1931 3048 186 1575 386 275 0 809 0 0 0 3047 0 0 71
1254893702 1071 6869 6807 11375 2786 1931 3048 186 1575 386 275 0 809 0 0 0 3047 0 0 71
1254896569 1071 6869 6807 11375 2786 1931 3048 186 1575 386 275 0 809 0 0 0 3047 0 0 71
1254899875 1110 6869 6807 11375 2786 1931 3048 186 1575 386 275 0 809 0 0 0 3047 0 0 71
1254900126 1162 6869 6807 11375 2786 1931 3048 186 1575 386 275 0 809 0 0 0 3047 0 0 71
1254957864 1173 6869 6807 11375 2786 1931 3048 186 1575 386 275 0 809 0 0 0 3047 0 0 71
1254961726 1199 6869 6807 11375 2786 1931 3048 186 1575 386 275 0 809 0 0 0 3047 0 0 71
1254965270 1245 6869 6807 11375 2786 1931 3048 186 1575 386 275 0 809 0 0 0 3047 0 0 71
1254983788 1245 6869 6807 11375 2786 1931 3048 186 1575 386 275 0 809 0 0 0 3047 0 0 71
1255350583 1245 6869 6807 11384 2786 1931 3048 186 1575 386 275 0 809 0 0 0 3047 0 0 71
1255504319 1246 6869 6807 11384 2786 1931 3048 186 1575 386 275 0 809 0 0 0 3047 0 0 71
1255848988 1254 7186 6807 11384 2786 1931 3048 186 1575 386 275 0 809 0 0 0 3047 0 0 71
1256247135 1254 7186 6807 11384 2786 1931 3048 186 1575 386 275 0 809 0 0 0 3047 0 0 71
1256365424 1254 7202 6807 11384 2786 1931 3048 186 1575 386 275 0 809 0 0 0 3047 0 0 71
1256505192 1254 7204 6807 11413 2786 1931 3048 186 1575 386 275 0 809 0 0 0 3047 0 0 71
1256506292 1254 7204 6807 11414 2786 1931 3048 186 1575 386 275 0 809 0 0 0 3047 0 0 71
1256725529 1254 7204 6807 11428 2786 1931 3048 186 1575 386 275 0 809 0 0 0 3047 0 0 71
1256727065 1254 7204 6807 11548 2786 1931 3048 186 1575 386 275 0 809 0 0 0 3047 0 0 71
1256784610 1254 7206 6807 11548 2786 1931 3048 186 1575 386 275 0 809 0 0 0 3047 0 0 71
1256796780 1254 7206 6807 11548 2786 1931 3048 186 1575 386 275 0 809 0 0 0 3047 0 0 71
1256799305 1254 7278 6807 11548 2786 1931 3048 186 1575 386 275 0 809 0 0 0 3047 0 0 71
1256835276 1254 7282 6807 11548 2786 1931 3048 186 1575 386 275 0 809 0 0 0 3047 0 0 71
1256842432 1254 7282 6807 11573 2786 1931 3048 186 1575 386 275 0 809 0 0 0 3047 0 0 71
1256918929 1254 7282 6807 11573 2786 1931 3048 186 1575 386 275 0 809 0 0 0 3047 0 0 71
1256941507 1255 7376 6807 11573 2786 1931 3048 186 1575 386 275 0 809 0 0 0 3047 0 0 71
1256954532 1255 7380 6807 11573 2786 1931 3048 186 1575 386 275 0 809 0 0 0 3047 0 0 71
1257140268 1255 7385 6807 11573 2786 1931 3048 186 1575 386 275 0 809 0 0 0 3047 0 0 71
1257141650 1255 7385 6807 11573 2786 1931 3048 186 1575 386 275 0 809 0 0 0 3047 0 0 71
1257142965 1255 7385 6807 11573 2786 1931 3048 186 1575 386 275 0 809 0 0 0 3047 0 0 71
1257154228 1322 7385 6807 11573 2786 1931 3048 186 1575 386 275 0 809 0 0 0 3047 0 0 71
1257157813 1929 7385 6807 11573 2786 1931 3048 186 1575 386 275 0 809 0 0 0 3047 0 0 71
1257182154 1929 7385 6807 11573 2786 1931 3048 186 1575 386 278 0 809 0 0 0 3047 0 0 71
1257182206 1929 7385 6807 11604 2786 1931 3048 186 1575 386 278 0 809 0 0 0 3047 0 0 71
1257331256 1929 7385 6807 11654 2786 1931 3048 186 1575 386 278 0 809 0 0 0 3047 0 0 71
1257331589 1929 7385 6807 11656 2786 1931 3048 186 1575 386 278 0 809 0 0 0 3047 0 0 71
1259117742 1929 7385 6807 11656 2786 1931 3048 186 1575 386 278 0 809 0 0 0 3047 0 0 106
1259133427 1929 7385 6807 11656 2786 1931 3048 186 1575 386 278 0 809 0 0 0 3047 0 0 173
1259300397 1931 7432 6807 11656 2786 1931 3048 186 1575 386 278 0 809 0 0 0 3047 0 0 173
1261815645 1931 7432 6807 11656 2787 1931 3048 186 1575 386 278 0 809 0 0 0 3047 0 0 173
1261815692 1931 7432 6807 11656 2794 1931 3048 186 1575 386 278 0 809 0 0 0 3047 0 0 173
1261820927 1931 7432 6807 11656 2796 1931 3048 186 1575 386 278 0 809 0 0 0 3047 0 0 173
1261832647 1931 7432 6807 11657 2796 1931 3048 186 1575 386 278 0 809 0 0 0 3047 0 0 173
1262090769 1931 7432 6807 11686 2796 1931 3048 186 1575 386 278 0 809 0 0 0 3047 0 0 173
1262100867 1931 7432 6807 11695 2796 1931 3048 186 1575 386 278 0 809 0 0 0 3047 0 0 173
1263348784 1931 7432 6807 11723 2796 1931 3048 186 1575 386 278 0 809 0 0 0 3047 0 0 173
1266278032 1931 7623 6807 11723 2796 1931 3048 186 1575 386 278 0 809 0 0 0 3047 0 0 173
1266872968 1931 7623 6807 11727 2796 1931 3048 186 1575 386 278 0 809 0 0 0 3047 0 0 173
1266873064 1931 7623 6807 11727 2796 1931 3048 186 1575 386 278 0 809 0 0 0 3047 0 0 173
1267024583 1931 7623 6807 11921 2796 1931 3048 186 1575 386 278 0 809 0 0 0 3047 0 0 173
1269128199 1931 7623 6817 11921 2796 1931 3048 186 1575 386 278 0 809 0 0 0 3047 0 0 173
1270259783 1931 7623 6817 11921 2796 1931 3048 186 1575 386 278 0 809 0 0 0 3047 0 0 173
1271741601 1931 7623 6817 11921 2803 1931 3048 186 1575 386 278 0 809 0 0 0 3047 0 0 173
1275645676 1931 7623 6817 11951 2803 1931 3048 186 1575 386 278 0 809 0 0 0 3047 0 0 173
1283155869 1931 7623 6817 11974 2803 1931 3048 186 1575 386 278 0 809 0 0 0 3047 0 0 173
1288738815 1931 7623 6817 11974 2803 1931 3048 186 1575 386 278 0 809 0 0 1 3047 0 0 173
1288741084 1931 7623 6817 11974 2803 1931 3048 186 1575 386 278 0 809 0 0 5 3047 0 0 173
1288741380 1931 7623 6817 11974 2803 1931 3048 186 1575 386 278 0 809 0 0 22 3047 0 0 173
1289398284 1931 7623 6817 12009 2803 1931 3048 186 1575 386 278 0 809 0 0 22 3047 0 0 173
1289425933 1931 7623 6817 12040 2803 1931 3048 186 1575 386 278 0 809 0 0 22 3047 0 0 173
1289435866 1931 7623 6817 12044 2803 1931 3048 186 1575 386 278 0 809 0 0 22 3047 0 0 173
1289440127 1931 7623 6817 12100 2803 1931 3048 186 1575 386 278 0 809 0 0 22 3047 0 0 173
1289444266 1931 7623 6817 12110 2803 1931 3048 186 1575 386 278 0 809 0 0 22 3047 0 0 173
1289579766 1931 7623 6817 12165 2803 1931 3048 186 1575 386 278 0 809 0 0 22 3047 0 0 173
1289584746 1931 7623 6817 12183 2803 1931 3048 186 1575 386 278 0 809 0 0 22 3047 0 0 173
1298969396 1931 7623 6817 12216 2803 1931 3048 186 1575 386 278 0 809 0 0 22 3047 0 0 173
1298975429 1931 7623 6817 12231 2803 1931 3048 186 1575 386 278 0 809 0 0 22 3047 0 0 173
1310105468 1931 7623 6817 12231 2803 1931 3048 186 1575 386 278 0 809 0 0 23 3047 0 0 173
1310105569 1931 7623 6817 12231 2803 1931 3048 186 1575 386 278 0 809 0 0 25 3047 0 0 173
1310427777 1965 7623 6817 12231 2803 1931 3048 186 1575 386 278 0 809 0 0 25 3047 0 0 173
1310433179 2038 7623 6817 12231 2803 1931 3048 186 1575 386 278 0 809 0 0 25 3047 0 0 173
1310434743 2039 7623 6817 12231 2803 1931 3048 186 1575 386 278 0 809 0 0 25 3047 0 0 173
1310455614 2065 7623 6817 12231 2803 1931 3048 186 1575 386 278 0 809 0 0 25 3047 0 0 173
1310455918 2067 7623 6817 12231 2803 1931 3048 186 1575 386 278 0 809 0 0 25 3047 0 0 173
1310456224 2067 7623 6817 12231 2803 1931 3048 186 1575 386 278 0 809 0 0 25 3047 0 0 173
1310522430 2067 7623 6817 12231 2803 1931 3048 186 1575 386 278 0 809 0 0 25 3047 0 0 173
1310593762 2067 7623 6817 12235 2803 1931 3048 186 1575 386 278 0 809 0 0 25 3047 0 0 173
1310707672 2067 7623 6817 12240 2803 1931 3048 186 1575 386 278 0 809 0 0 25 3047 0 0 173
1310986162 2067 7623 6817 12241 2803 1931 3048 186 1575 386 278 0 809 0 0 25 3047 0 0 173
1311009108 2067 7623 6817 12267 2803 1931 3048 186 1575 386 278 0 809 0 0 25 3047 0 0 173
1311009953 2067 7623 6817 12269 2803 1931 3048 186 1575 386 278 0 809 0 0 25 3047 0 0 173
1311781584 2069 7623 6817 12269 2803 1931 3048 186 1575 386 278 0 809 0 0 25 3047 0 0 173
1312811274 2069 7623 6817 12276 2803 1931 3048 186 1575 386 278 0 809 0 0 25 3047 0 0 173
1312813942 2069 7623 6817 12280 2803 1931 3048 186 1575 386 278 0 809 0 0 25 3047 0 0 173
1312814364 2092 7623 6817 12286 2803 1931 3048 186 1575 386 278 0 809 0 0 25 3047 0 0 173
1312913422 2098 7623 6817 12286 2803 1931 3048 186 1575 386 278 0 809 0 0 25 3047 0 0 173
1312913902 2099 7623 6817 12286 2803 1931 3048 186 1575 386 278 0 809 0 0 25 3047 0 0 173
1312927071 2107 7623 6817 12286 2803 1931 3048 186 1575 386 278 0 809 0 0 25 3047 0 0 173
1312990845 2133 7623 6817 12286 2803 1931 3048 186 1575 386 278 0 809 0 0 25 3047 0 0 173
1314446206 2133 7623 6817 12287 2803 1931 3048 186 1575 386 278 0 809 0 0 25 3047 0 0 173
1315020550 2133 7623 6817 12301 2803 1931 3048 186 1575 386 278 0 809 0 0 25 3047 0 0 173
1317110226 2382 7623 6817 12301 2803 1931 3048 186 1575 386 278 0 809 0 0 25 3047 0 0 173
1317112179 2419 7623 6817 12301 2803 1931 3048 186 1575 386 278 0 809 0 0 25 3047 0 0 173
1317152766 2420 7623 6817 12301 2803 1931 3048 186 1575 386 278 0 809 0 0 25 3047 0 0 173
1317153419 2489 7623 6817 12301 2803 1931 3048 186 1575 386 278 0 809 0 0 25 3047 0 0 173
1317154281 2522 7623 6817 12301 2803 1931 3048 186 1575 386 278 0 809 0 0 25 3047 0 0 173
1317170555 2604 7623 6817 12301 2803 1931 3048 186 1575 386 278 0 809 0 0 25 3047 0 0 173
1317197083 2606 7623 6817 12301 2803 1931 3048 186 1575 386 278 0 809 0 0 25 3047 0 0 173
1317197275 2606 7662 6817 12301 2803 1931 3048 186 1575 386 278 0 809 0 0 25 3047 0 0 173
1317241929 2630 7662 6817 12301 2803 1931 3048 186 1575 386 278 0 809 0 0 25 3047 0 0 173
1317244199 2669 7662 6817 12301 2803 1931 3048 186 1575 386 278 0 809 0 0 25 3047 0 0 173
1317254688 2716 7662 6817 12301 2803 1931 3048 186 1575 386 278 0 809 0 0 25 3047 0 0 173
1317255320 2730 7662 6817 12301 2803 1931 3048 186 1575 386 278 0 809 0 0 25 3047 0 0 173
1317716350 2734 7662 6817 12301 2803 1931 3048 186 1575 386 278 0 809 0 0 25 3047 0 0 173
1317716994 2734 7662 6817 12301 2803 1931 3048 186 1575 386 278 0 809 0 0 25 3047 0 0 173
1318445138 2735 7662 6817 12301 2803 1931 3048 186 1575 386 278 0 809 0 0 25 3047 0 0 173
1318886684 2740 7662 6817 12301 2803 1931 3048 186 1575 386 278 0 809 0 0 25 3047 0 0 174
1318886952 2741 7662 6817 12301 2803 1931 3048 186 1575 386 278 0 809 0 0 25 3047 0 0 174
1318895390 2741 7662 6817 12301 2803 1931 3048 186 1575 386 278 0 809 0 0 25 3047 0 0 174
1319738063 2742 7662 6817 12301 2803 1931 3048 186 1575 386 278 0 809 0 0 25 3047 0 0 174
1320883473 3016 7662 6817 12301 2803 1931 3048 186 1575 386 278 0 809 2 0 25 3047 0 0 174
1323737399 3021 7662 6817 12301 2803 1931 3048 186 1575 386 278 0 809 2 0 25 3047 0 0 174
1323982401 3028 7662 6817 12301 2803 1931 3048 186 1575 386 278 0 809 2 0 25 3047 0 0 174
1323998323 3056 7662 6817 12301 2803 1931 3048 186 1575 386 278 0 809 2 0 25 3047 0 0 174
1324277590 3513 7662 6817 12301 2803 1931 3048 186 1575 386 278 0 809 2 0 25 3047 0 0 174
1325643062 3915 7662 6817 12301 2803 1931 3048 186 1575 386 278 0 809 2 0 25 3047 0 0 174
1325644072 3933 7662 6817 12301 2803 1931 3048 186 1575 386 278 0 809 2 0 25 3047 0 0 174
1325799596 3944 7662 6817 12301 2803 1931 3048 186 1575 386 278 0 809 2 0 25 3047 0 0 174
1325838034 3951 7662 6817 12301 2803 1931 3048 186 1575 386 278 0 809 2 0 25 3047 0 0 174
1326083026 3952 7662 6817 12301 2803 1931 3048 186 1575 386 278 0 809 2 0 25 3047 0 0 174
1326083227 4023 7662 6817 12301 2803 1931 3048 186 1575 386 278 0 809 2 0 25 3047 0 0 174
1326237668 4071 7662 6817 12301 2803 1931 3048 186 1575 386 278 0 809 2 0 25 3047 0 0 174
1326328762 4073 7662 6817 12301 2803 1931 3048 186 1575 386 278 0 809 2 0 25 3047 0 0 174
1326329567 4079 7662 6817 12301 2803 1931 3048 186 1575 386 278 0 809 2 0 25 3047 0 0 174
1326332425 4080 7662 6817 12301 2803 1931 3048 186 1575 386 278 0 809 2 0 25 3047 0 0 174
1326338991 4080 7664 6817 12301 2803 1931 3048 186 1575 386 278 0 809 2 0 25 3047 0 0 174
1326347490 4137 7664 6817 12301 2803 1931 3048 186 1575 386 278 0 809 2 0 25 3047 0 0 174
1326919562 4140 7664 6817 12301 2803 1931 3048 186 1575 386 278 0 809 2 0 25 3047 0 0 174
1327558391 4140 7671 6817 12301 2803 1931 3048 186 1575 386 278 0 809 2 0 25 3047 0 0 174
1327560561 4159 7671 6817 12301 2803 1931 3048 186 1575 386 278 0 809 2 0 25 3047 0 0 174
1327608468 4160 7671 6817 12301 2803 1931 3048 186 1575 386 278 0 809 2 0 25 3047 0 0 174
1327610167 4161 7671 6817 12301 2803 1931 3048 186 1575 386 278 0 809 2 0 25 3047 0 0 174
1327735997 4161 7690 6817 12301 2803 1931 3048 186 1575 386 278 0 809 2 0 25 3047 0 0 174
1327737830 4161 7712 6817 12301 2803 1931 3048 186 1575 386 278 0 809 2 0 25 3047 0 0 174
1328148320 4176 7740 6817 12301 2803 1931 3048 186 1575 386 278 0 809 2 0 25 3047 0 0 174
1328211170 4176 7740 6817 12301 2803 1931 3048 186 1575 386 278 0 809 4 0 25 3047 0 0 174
1343381234 4327 7740 6817 12301 2803 1931 3048 186 1575 386 278 0 809 4 0 25 3047 0 0 174
1343381597 4327 7740 6817 12301 2803 1931 3048 186 1575 386 278 0 809 4 0 25 3047 0 0 174
1343550886 4339 7740 6817 12301 2803 1931 3048 186 1575 386 278 0 809 4 0 25 3047 0 0 174
1343600096 4343 7740 6817 12301 2803 1931 3048 186 1575 386 278 0 809 4 0 25 3047 0 0 174
1343601690 4353 7740 6817 12301 2803 1931 3048 186 1575 386 278 0 809 4 0 25 3047 0 0 174
1343603776 4353 7740 6817 12301 2803 1931 3048 186 1575 386 278 0 809 4 0 25 3047 0 0 174
1343605472 4354 7740 6817 12301 2803 1931 3048 186 1575 386 278 0 809 4 0 25 3047 0 0 174
1343606660 4358 7740 6817 12301 2803 1946 3048 186 1575 386 278 0 809 4 0 25 3047 0 0 174
1343611676 4360 7740 6817 12301 2803 1946 3048 186 1575 386 278 0 809 4 0 25 3047 0 0 174
1343620411 4361 7740 6817 12301 2803 1946 3048 186 1575 386 278 0 809 4 0 25 3047 0 0 174
1343621097 4363 7740 6817 12301 2803 1946 3048 186 1575 386 278 0 809 4 0 25 3047 0 0 174
1343622818 4363 7740 6817 12301 2803 1946 3048 186 1575 386 278 0 809 4 0 25 3047 0 0 174
1343625665 4365 7740 6817 12301 2803 1946 3048 186 1575 386 278 0 809 4 0 25 3047 0 0 174
1343680274 4384 7740 6817 12301 2803 1946 3048 186 1575 386 278 0 809 4 0 25 3047 0 0 174
1346502677 4703 7740 6817 12304 2803 1946 3048 186 1575 386 278 0 809 4 0 25 3047 0 0 174
1346654747 4705 7740 6817 12304 2803 1946 3048 186 1575 386 278 0 809 4 0 25 3047 0 0 174
1346712299 4751 7740 6817 12304 2803 1946 3048 186 1575 386 278 0 809 4 0 25 3047 0 0 174
1347974137 4751 7740 6817 12304 2803 1946 3048 186 1575 430 278 0 809 4 0 25 3047 0 0 174
1350471073 4751 7740 6817 12304 2803 1946 3048 186 1575 430 278 0 809 4 0 25 3047 0 0 174
1350479407 4751 7740 6817 12304 2803 1946 3048 186 1575 430 278 0 809 4 0 25 3047 0 0 174
1354561009 4751 7740 6817 12304 2803 1946 3048 186 1575 443 278 0 809 4 0 25 3047 0 0 174
1356935234 4751 7740 6817 12304 2803 1946 3048 186 1575 443 278 0 809 4 0 25 3047 0 0 174
1386405077 4752 7740 6817 12304 2803 1946 3048 186 1575 443 278 0 809 4 0 25 3047 0 0 174
1386535712 4753 7740 6817 12304 2803 1946 3048 186 1575 443 278 0 809 4 0 25 3047 0 0 174
1386552795 4753 7740 6817 12304 2803 1946 3048 186 1575 443 278 0 809 4 0 25 3047 0 0 174
1386555255 4759 7740 6817 12371 2803 1946 3048 186 1575 443 278 0 809 4 0 25 3047 0 0 174
1386555939 4761 7740 6817 12371 2803 1946 3048 186 1575 443 278 0 809 4 0 25 3047 0 0 174
1387510353 4765 7740 6817 12371 2803 1946 3048 186 1575 443 278 0 809 4 0 25 3047 0 0 174
1387525974 4779 7740 6817 12371 2803 1946 3048 186 1575 443 278 0 809 4 0 25 3047 0 0 174
1387565394 4779 7740 6817 12371 2803 1946 3048 186 1575 443 278 0 809 4 0 25 3047 0 0 174
1387574743 4793 7740 6817 12371 2803 1946 3048 186 1575 443 278 0 809 4 0 25 3047 0 0 174
1387575197 4823 7740 6817 12371 2803 1946 3048 186 1575 443 278 0 809 4 0 25 3047 0 0 174
1391242593 4823 7740 6817 12371 2803 1946 3054 186 1575 443 278 0 809 4 0 25 3047 0 0 174
1391245766 4823 7740 6817 12371 2803 1946 3071 186 1575 443 278 0 809 4 0 25 3047 0 0 174
1391285672 4823 7740 6817 12371 2803 1946 3118 186 1575 443 278 0 809 4 0 25 3047 0 0 174
1391370211 4823 7740 6817 12371 2803 1946 3146 186 1575 443 278 0 809 4 0 25 3047 0 0 174
1391384500 4823 7740 6817 12371 2803 1946 3457 186 1575 443 278 0 809 4 0 25 3047 0 0 174
1392586742 4823 7740 6817 12371 2803 1946 3610 186 1575 443 278 0 809 4 0 25 3047 0 0 174
1397715184 6187 7740 6817 12371 2803 1946 3610 186 1575 443 278 0 809 4 0 25 3047 0 0 174
1397721101 6190 7740 6817 12371 2803 1946 3610 186 1575 443 278 0 809 4 0 25 3047 0 0 174
1397721296 6193 7740 6817 12371 2803 1946 3610 186 1575 443 278 0 809 4 0 25 3047 0 0 174
1397760247 6195 7740 6817 12371 2803 1946 3610 186 1575 443 278 0 809 4 0 25 3047 0 0 174
1397769307 6214 7740 6817 12371 2803 1946 3610 186 1575 443 278 0 809 4 0 25 3047 0 0 174
1397771374 6221 7740 6817 12371 2803 1946 3610 186 1575 443 278 0 809 4 0 25 3047 0 0 174
1397773665 6266 7740 6817 12371 2803 1946 3610 186 1575 443 278 0 809 4 0 25 3047 0 0 174
1397775591 6276 7740 6817 12371 2803 1946 3610 186 1575 443 278 0 809 4 0 25 3047 0 0 174
1397934929 6278 7740 6817 12371 2803 1946 3610 186 1575 443 278 0 809 4 0 25 3047 0 0 174
1397948608 6281 7740 6817 12371 2803 1946 3610 186 1575 443 278 0 809 4 0 25 3047 0 0 174
1398638714 6286 7740 6817 12371 2803 1946 3610 186 1575 443 278 0 809 4 0 25 3047 0 0 174
1398664455 6369 7740 6817 12371 2803 1946 3610 186 1575 443 278 0 809 4 0 25 3047 0 0 174
1398665374 6373 7740 6817 12371 2803 1946 3610 186 1575 443 278 0 809 4 0 25 3047 0 0 174
1398665463 6375 7740 6817 12371 2803 1946 3610 186 1575 443 278 0 809 4 0 25 3047 0 0 174
1398820427 6381 7740 6817 12371 2803 1946 3610 186 1575 443 278 0 809 4 0 25 3047 0 0 174
1398843344 6386 7740 6817 12371 2803 1946 3610 186 1575 443 278 0 809 4 0 25 3047 0 0 174
1398982336 6388 7740 6817 12371 2803 1946 3610 186 1575 443 278 0 809 4 0 25 3047 0 0 174
1399791785 6391 7740 6817 12371 2803 1946 3610 186 1575 443 278 0 809 4 0 25 3047 0 0 174
1401301977 6392 7740 6817 12371 2803 1946 3610 186 1575 443 278 0 809 4 0 25 3047 0 0 174
1413170508 6463 7740 6817 12371 2803 1946 3610 186 1575 443 278 0 809 4 0 25 3047 0 0 174
1413171351 6487 7740 6817 12371 2803 1946 3610 186 1575 443 278 0 809 63 0 30 3047 0 0 174
1418615437 6491 7740 6817 12371 2803 1946 3610 186 1575 443 278 0 809 63 0 30 3047 0 0 174
1418626882 6520 7740 6817 12371 2803 1946 3610 186 1575 443 278 0 809 63 0 30 3047 0 0 174
1419735415 6593 7740 6817 12371 2803 1946 3610 186 1575 443 278 0 809 63 0 30 3047 0 0 174
1419737019 6594 7740 6817 12371 2803 1946 3610 186 1575 443 278 0 809 63 0 30 3047 0 0 174
1420094453 6599 7740 6817 12371 2803 1946 3610 186 1575 443 278 0 809 63 0 30 3047 0 0 174
1420095420 6652 7740 6817 12371 2803 1946 3610 186 1575 443 278 0 809 63 0 30 3047 0 0 174
1420184908 6729 7740 6817 12371 2803 1946 3610 186 1575 443 278 0 809 63 0 30 3047 0 0 174
1420185313 6739 7740 6817 12371 2803 1946 3610 186 1575 443 278 0 809 63 0 30 3047 0 0 174
1420190186 6740 7740 6817 12371 2803 1946 3610 186 1575 443 278 0 809 63 0 30 3047 0 0 174
1420262718 6895 7740 6817 12371 2803 1946 3610 186 1575 443 278 0 809 63 0 30 3047 0 0 174
1420356842 7247 7740 6817 12371 2803 1946 3610 186 1575 443 278 0 809 63 0 30 3047 0 0 174
1420418834 7294 7740 6817 12371 2803 1946 3610 186 1575 443 278 0 809 63 0 30 3047 0 0 174
1420424729 7376 7740 6817 12371 2803 1946 3610 186 1575 443 278 0 809 63 0 30 3047 0 0 174
1420435063 7469 7740 6817 12371 2803 1946 3610 186 1575 443 278 0 809 63 0 30 3047 0 0 174
1420436749 7477 7740 6817 12371 2803 1946 3610 186 1575 443 278 0 809 63 0 30 3047 0 0 174
1420440841 7482 7740 6817 12371 2803 1946 3610 186 1575 443 278 0 809 63 0 30 3047 0 0 174
1420608535 7617 7740 6817 12371 2803 1946 3610 186 1575 443 278 0 809 63 0 30 3047 0 0 174
1420611734 7677 7740 6817 12371 2803 1946 3610 186 1575 443 278 0 809 63 0 30 3047 0 0 174
1420623461 7743 7740 6817 12371 2803 1946 3610 186 1575 443 278 0 809 63 0 30 3047 0 0 174
1420687991 7767 7740 6817 12371 2803 1946 3610 186 1575 443 278 0 809 63 0 30 3047 0 0 174
1420700622 7775 7740 6817 12371 2803 1946 3610 186 1575 443 278 0 809 63 0 30 3047 0 0 174
1420706116 7781 7740 6817 12371 2803 1946 3610 186 1575 443 278 0 809 63 0 30 3047 0 0 174
1420706192 7830 7740 6817 12371 2803 1946 3610 186 1575 443 278 0 809 63 0 30 3047 0 0 174
1420765867 7872 7740 6817 12371 2803 1946 3610 186 1575 443 278 0 809 63 0 30 3047 0 0 174
1420769684 7948 7740 6817 12371 2803 1946 3610 186 1575 443 278 0 809 63 0 30 3047 0 0 174
1420770891 7955 7740 6817 12371 2803 1946 3610 186 1575 443 278 0 809 63 0 30 3047 0 0 174
1420773531 8056 7740 6817 12371 2803 1946 3610 186 1575 443 278 0 809 63 0 30 3047 0 0 174
1420857917 8057 7740 6817 12371 2803 1946 3610 186 1575 443 278 0 809 63 0 30 3047 0 0 174
1420858958 8066 7740 6817 12371 2803 1946 3610 186 1575 443 278 0 809 63 0 30 3047 0 0 174
1420861059 8133 7740 6817 12371 2803 1946 3610 186 1575 443 278 0 809 63 0 30 3047 0 0 174
1420875281 8134 7740 6817 12371 2803 1946 3610 186 1575 443 278 0 809 63 0 30 3047 0 0 174
1423270922 8148 7740 6817 12371 2803 1946 3610 186 1575 443 278 0 809 63 0 30 3047 0 0 174
1423270985 8153 7740 6817 12371 2803 1946 3610 186 1575 443 278 0 809 63 0 30 3047 0 0 174
1423816357 8175 7740 6817 12371 2803 1946 3610 186 1575 443 278 0 809 63 0 30 3047 0 0 174
1429488917 8180 7740 6817 12371 2803 1946 3610 186 1575 443 278 0 809 63 0 30 3047 0 0 174
1429505598 8181 7740 6817 12371 2803 1946 3610 186 1575 443 278 0 809 63 0 30 3047 0 0 174
1429859029 8182 7740 6817 12371 2803 1946 3610 186 1575 443 278 0 809 63 0 30 3047 0 0 174
1429948835 8190 7740 6817 12371 2803 1946 3610 186 1575 443 278 0 809 63 0 30 3047 0 0 174
1429994858 8190 7740 6817 12371 2803 1946 3610 186 1575 443 278 0 809 63 0 30 3047 0 0 174
1436058686 8190 7740 6817 12371 2803 1946 3610 186 1575 443 278 0 809 63 0 30 3047 0 0 174
1445899809 8191 7740 6817 12371 2803 1946 3610 186 1575 443 278 0 809 63 0 30 3047 0 0 174
1447842061 8193 7740 6817 12371 2803 1946 3610 186 1575 443 278 0 809 63 0 30 3047 0 0 174
1447842955 8193 7740 6817 12371 2803 1946 3610 186 1575 443 278 0 809 63 0 30 3047 0 79 174
1447897365 8193 7740 6817 12371 2803 1946 3610 186 1575 443 278 0 809 63 0 30 3047 0 79 174
1447916901 8589 7740 6817 12371 2803 1946 3610 186 1575 443 278 0 809 63 0 30 3047 0 79 174
1447975573 8604 7740 6817 12371 2803 1946 3610 186 1575 443 278 0 809 63 0 30 3047 0 79 174
1447981383 8624 7740 6817 12371 2803 1946 3610 186 1575 443 278 0 809 63 0 30 3047 0 79 174
1453115508 8624 7740 6817 12371 2803 1946 3610 186 1575 443 278 0 809 63 0 30 3047 0 79 174
1464478313 8626 7740 6817 12371 2803 1946 3610 186 1575 443 278 0 809 63 0 30 3047 0 79 174
1464481571 8634 7740 6817 12371 2803 1946 3610 186 1575 443 278 0 809 63 20 30 3047 0 79 174
1464497902 8636 7740 6817 12371 2803 1946 3610 186 1575 443 278 0 809 63 20 30 3047 0 79 174
1464497932 8638 7740 6817 12371 2803 1946 3610 186 1575 443 278 0 809 63 20 30 3047 0 79 174
1464503605 8639 7740 6817 12371 2803 1946 3610 186 1575 443 278 0 809 63 20 30 3047 0 79 174
1464504265 8640 7740 6817 12371 2803 1946 3610 186 1575 443 278 0 809 63 20 30 3047 0 79 174
1464735774 8650 7740 6817 12371 2803 1946 3610 186 1575 443 278 0 809 63 20 30 3047 0 79 174
1466122402 10771 7740 6817 12371 2803 1946 3610 186 1575 443 278 0 809 63 20 30 3047 0 79 174
1466279683 10771 7740 6817 12371 2803 1946 3610 186 1575 443 278 0 809 63 20 30 3047 0 79 174
1466471534 10771 7740 6817 12371 2803 1946 3610 186 1575 443 278 0 809 63 20 30 3047 0 79 174
1466553789 10782 7740 6817 12371 2803 1946 3610 186 1575 443 278 0 809 63 20 30 3047 0 79 174
1466745603 11199 7740 6817 12371 2803 1946 3610 186 1575 443 278 0 809 63 20 30 3047 0 79 174
1466756250 11200 7740 6817 12371 2803 1946 3610 186 1575 443 278 0 809 63 20 30 3047 0 79 174
1466786160 11200 7740 6817 12371 2804 1946 3610 186 1575 443 278 0 809 63 20 30 3047 0 79 174
1466811442 11200 7740 6817 12371 2804 1946 3610 186 1575 443 278 0 809 63 20 30 3047 0 79 174
1467055873 11222 7740 6817 12371 2804 1946 3610 186 1575 443 278 0 809 63 20 30 3047 0 79 174
1467070000 11287 7740 6817 12371 2804 1946 3610 186 1575 443 278 0 809 63 20 30 3047 0 79 174
1467072488 11343 7740 6817 12371 2804 1946 3610 186 1575 443 278 0 809 63 20 30 3047 0 79 174
1467080831 11389 7740 6817 12371 2804 1946 3610 186 1575 443 278 0 809 63 20 30 3047 0 79 174
1467086425 11465 7740 6817 12371 2804 1946 3610 186 1575 443 278 0 809 63 20 30 3047 0 79 174
1467145281 11480 7740 6817 12371 2804 1946 3610 186 1575 443 278 0 809 63 20 30 3047 0 79 174
1467146932 11487 7740 6817 12371 2804 1946 3610 186 1575 443 278 0 809 63 20 30 3047 0 79 174
1467328873 11487 7740 6817 12371 2804 1946 3610 186 1575 443 278 0 809 63 20 30 3047 0 79 174
1468307219 11491 7740 6817 12371 2804 1946 3610 186 1575 443 278 0 809 63 20 30 3047 0 79 174
1468369823 11520 7740 6817 12371 2804 1946 3610 186 1575 443 278 0 809 63 20 30 3047 0 79 174
1468371736 11521 7740 6817 12371 2804 1946 3610 186 1575 443 278 0 809 63 20 30 3047 0 79 174
1468374087 12503 7740 6817 12371 2804 1946 3610 186 1575 443 278 0 809 63 20 30 3047 0 79 174
1468389281 12539 7740 6817 12371 2804 1946 3610 186 1575 443 278 0 809 63 20 30 3047 0 79 174
1468433574 12542 7740 6817 12371 2804 1946 3610 186 1575 443 278 0 809 63 20 30 3047 0 79 174
1468433606 12544 7740 6817 12371 2804 1946 3610 186 1575 443 278 0 809 63 20 30 3047 0 79 174
1468436698 12548 7740 6817 12371 2804 1946 3610 186 1575 443 278 0 809 63 20 30 3047 0 79 174
1468438986 12550 7740 6817 12371 2804 1946 3610 186 1575 443 278 0 809 63 20 30 3047 0 79 174
1468601944 12552 7740 6817 12371 2804 1946 3610 186 1575 443 278 0 809 63 20 30 3047 0 79 174
1469941302 12553 7740 6817 12371 2804 1946 3610 186 1575 443 278 0 809 63 20 30 3047 0 79 174
1470683487 12555 7740 6817 12371 2804 1946 3610 186 1575 443 278 0 809 63 20 30 3047 0 79 174
1470951522 12556 7740 6817 12371 2804 1946 3610 186 1575 443 278 0 809 63 20 30 3047 0 79 174
1470951796 12557 7740 6817 12371 2804 1946 3610 186 1575 443 278 0 809 63 34 30 3047 0 79 174
1470952186 12558 7740 6817 12371 2804 1946 3610 186 1575 443 278 0 809 63 34 30 3047 0 79 174
1471066849 12562 7740 6817 12371 2804 1946 3610 186 1575 443 278 0 809 63 34 30 3047 0 79 174
1471068330 12571 7740 6817 12371 2804 1946 3610 186 1575 443 278 0 809 63 34 30 3047 0 79 174
1471115408 12575 7740 6817 12371 2804 1946 3610 186 1575 443 278 0 809 63 34 30 3047 0 79 174
1471653249 13939 7740 6817 12371 2804 1946 3610 186 1575 443 278 0 809 63 34 30 3047 0 79 174
1473281244 13941 7740 6817 12371 2804 1946 3610 186 1575 443 278 0 809 63 34 30 3047 0 79 174
1476244794 13958 7740 6817 12371 2804 1946 3610 186 1575 443 278 0 809 63 34 30 3047 0 79 174
1476246451 13959 7740 6817 12371 2804 1946 3610 186 1575 443 278 0 809 63 34 30 3047 0 79 174
1476258029 13960 7740 6817 12371 2804 1946 3610 186 1575 443 278 0 809 63 34 30 3047 0 79 174
1476305447 13971 7740 6817 12371 2804 1946 3610 186 1575 443 278 0 809 63 34 30 3047 0 79 174
1481878796 13974 7740 6817 12371 2804 1946 3610 186 1575 443 278 0 809 63 34 30 3047 0 79 174
1481878961 13978 7740 6817 12371 2804 1946 3610 186 1575 443 278 0 809 63 34 30 3047 0 79 174
1482108513 13984 7740 6817 12371 2804 1946 3610 186 1575 443 278 0 809 63 34 30 3047 0 79 174
1482111159 14004 7740 6817 12371 2804 1946 3610 186 1575 443 278 0 809 63 34 30 3047 0 79 174
1482111497 14005 7740 6817 12371 2804 1946 3610 186 1575 443 278 0 809 63 34 30 3047 0 79 174
1482112396 14007 7740 6817 12371 2804 1946 3610 186 1575 443 278 0 809 63 34 30 3047 0 79 174
1482115155 14022 7740 6817 12371 2804 1946 3610 186 1575 443 278 0 809 63 34 30 3047 0 79 174
1482192056 14028 7740 6817 12371 2804 1946 3610 186 1575 443 278 0 809 63 34 30 3047 0 79 174
1482192302 14029 7740 6817 12371 2804 1946 3610 186 1575 443 278 0 809 63 34 30 3047 0 79 174
1482830849 14035 7740 6817 12371 2804 1946 3610 186 1575 443 278 0 809 63 34 30 3047 0 79 174
1483126141 14054 7740 6817 12371 2804 1946 3610 186 1575 443 278 0 809 63 34 30 3047 0 79 174
1483147490 14104 7740 6817 12371 2804 1946 3610 186 1575 443 278 0 809 63 34 30 3047 0 79 174
1483342858 14129 7740 6817 12371 2804 1946 3610 186 1575 443 278 0 809 63 34 30 3047 0 79 174
1483691389 14134 7740 6817 12371 2804 1946 3610 186 1575 443 278 0 809 63 34 30 3047 0 79 174
1483833991 14135 7740 6817 12371 2804 1946 3610 186 1575 443 278 0 809 63 34 30 3047 0 79 174
1483836580 14136 7740 6817 12371 2804 1946 3610 186 1575 443 278 0 809 63 34 30 3047 0 79 174
1483837027 14139 7740 6817 12371 2804 1946 3610 186 1575 443 278 0 809 63 34 30 3047 0 79 174
1483837459 14446 7740 6817 12371 2804 1946 3610 186 1575 443 278 0 809 63 34 30 3047 0 79 174
1483933412 14486 7740 6817 12371 2804 1946 3610 186 1575 443 278 0 809 63 34 30 3047 0 79 174
1485143198 14745 7740 6817 12371 2804 1946 3610 186 1575 443 278 0 809 63 34 30 3047 0 79 174
1485145398 14747 7740 6817 12371 2804 1946 3610 186 1575 443 278 0 809 63 34 30 3047 0 79 174
1485147965 14766 7740 6817 12371 2804 1946 3610 186 1575 443 278 0 809 63 34 30 3047 0 79 174
1485149047 14781 7740 6817 12371 2804 1946 3610 186 1575 443 278 0 809 63 34 30 3047 0 79 174
1485313001 14838 7740 6817 12371 2804 1946 3610 186 1575 443 278 0 809 63 34 30 3047 0 79 174
1485394242 14850 7740 6817 12371 2804 1946 3610 186 1575 443 278 0 809 63 34 30 3047 0 79 174
1485555341 14902 7740 6817 12371 2804 1946 3610 186 1575 443 278 0 809 63 34 30 3047 0 79 174
1485822713 15066 7740 6817 12371 2804 1946 3610 186 1575 443 278 0 809 63 34 30 3047 0 79 174
1485832224 15104 7740 6817 12371 2804 1946 3610 186 1575 443 278 0 809 63 34 30 3047 0 79 174
1486343728 15114 7740 6817 12371 2804 1946 3610 186 1575 443 278 0 809 63 34 30 3047 0 79 174
1486345471 15163 7740 6817 12371 2804 1946 3610 186 1575 443 278 0 809 63 34 30 3047 0 79 174
1487151006 15163 7740 6817 12371 2804 1946 3610 186 1575 443 278 0 809 63 34 30 3047 0 79 174
1488133179 15164 7740 6817 12371 2804 1946 3610 186 1575 443 278 0 809 63 34 30 3047 0 79 174
1488133236 15165 7740 6817 12371 2804 1946 3610 186 1575 443 278 0 809 63 34 30 3047 0 79 174
1488134380 15188 7740 6817 12371 2804 1946 3610 186 1575 443 278 0 809 63 34 30 3047 0 79 174
1488135761 15189 7740 6817 12371 2804 1946 3610 186 1575 443 278 0 809 63 34 30 3047 0 79 174
1488136138 15190 7740 6817 12371 2804 1946 3610 186 1575 443 278 0 809 63 34 30 3047 0 79 174
1489972423 15437 7740 6817 12371 2804 1946 3610 186 1575 443 278 0 809 63 34 30 3047 0 79 174
1493145381 15471 7740 6817 12371 2804 1946 3610 186 1575 443 278 0 809 63 34 30 3047 0 79 174
1495404181 15476 7740 6817 12371 2804 1946 3610 186 1575 443 278 0 809 63 34 30 3047 0 79 174
1495404616 15477 7740 6817 12371 2804 1946 3610 186 1575 443 278 0 809 63 34 30 3047 0 79 174
1495404784 15478 7740 6817 12371 2804 1946 3610 186 1575 443 278 0 809 63 34 30 3047 0 79 174
1495405552 15479 7740 6817 12371 2804 1946 3610 186 1575 443 278 0 809 63 34 30 3047 0 79 174
1495406458 15485 7740 6817 12371 2804 1946 3610 186 1575 443 278 0 809 63 34 30 3047 0 79 174
1495406632 15487 7740 6817 12371 2804 1946 3610 186 1575 443 278 0 809 63 34 30 3047 0 79 174
1495428594 15498 7740 6817 12371 2804 1946 3610 186 1575 443 278 0 809 63 34 30 3047 4 79 174
1496009646 15719 7740 6817 12371 2804 1946 3610 186 1575 443 278 0 809 63 34 30 3047 4 79 174
1496123480 15825 7740 6817 12371 2804 1946 3610 186 1575 443 278 0 809 63 34 30 3047 4 79 174
1496518473 15827 7740 6817 12371 2804 1946 3610 186 1575 443 278 0 809 63 34 30 3047 4 79 174
1496602753 15828 7740 6817 12371 2804 1946 3610 186 1575 443 278 0 809 63 34 30 3047 4 79 174
1496602837 15828 7740 6817 12371 2804 1946 3610 186 1575 443 278 0 809 63 34 30 3047 4 79 174
1496604375 15880 7740 6817 12371 2804 1946 3610 186 1575 443 278 0 809 63 34 30 3047 4 79 174
1496617117 15890 7740 6817 12371 2804 1946 3610 186 1575 443 278 0 809 63 34 30 3047 4 79 174
1498091088 15897 7740 6817 12371 2804 1946 3610 186 1575 443 278 0 809 63 34 30 3047 4 79 174
1498178921 16400 7740 6817 12371 2804 1946 3610 186 1575 443 278 0 809 63 34 30 3047 4 79 174
1498206080 16401 7740 6817 12371 2804 1946 3610 186 1575 443 278 0 809 63 34 30 3047 4 79 174
1498291623 16431 7740 6817 12371 2804 1946 3610 186 1575 443 278 0 809 63 34 30 3047 4 79 174
1498330276 16432 7740 6817 12371 2804 1946 3610 186 1575 443 278 0 809 63 34 30 3047 4 79 174
1499132465 16457 7740 6817 12371 2804 1946 3610 186 1575 443 278 0 809 63 34 30 3047 4 79 174
1499153559 16460 7740 6817 12371 2804 1946 3610 186 1575 443 278 0 809 63 34 30 3047 4 79 174
1500247689 16471 7740 6817 12371 2804 1946 3610 186 1575 443 278 0 809 63 34 30 3047 4 79 174
1500456794 16693 7740 6817 12371 2804 1946 3610 186 1575 443 278 0 809 63 34 30 3047 4 79 174
1501093108 16695 7740 6817 12371 2804 1946 3610 186 1575 443 278 0 809 63 34 30 3047 4 79 174
1501095639 16700 7740 6817 12371 2804 1946 3610 186 1575 443 278 0 809 63 34 30 3047 4 79 174
1501106928 16734 7740 6817 12371 2804 1946 3610 186 1575 443 278 0 809 63 34 30 3047 4 79 174
1501114423 16738 7740 6817 12371 2804 1946 3610 186 1575 443 278 292 809 63 34 30 3047 4 79 174
1503558465 16739 7740 6817 12371 2804 1946 3610 186 1575 443 278 292 809 63 34 30 3047 4 79 174
1503559604 16741 7740 6817 12371 2804 1946 3610 186 1575 443 278 292 809 63 34 30 3047 4 79 174
1503559674 16742 7740 6817 12371 2804 1946 3610 186 1575 443 278 292 809 63 34 30 3047 4 79 174
1503559935 16743 7740 6817 12371 2804 1946 3610 186 1575 443 278 292 809 63 34 30 3047 4 79 174
1503634645 16747 7740 6817 12371 2804 1946 3610 186 1575 443 278 292 809 63 34 30 3047 4 79 174
1503634808 16749 7740 6817 12371 2804 1946 3610 186 1575 443 278 292 809 63 34 30 3047 4 79 174
1503859887 16753 7740 6817 12371 2804 1946 3610 186 1575 443 278 292 809 63 34 30 3047 4 79 174
1503951015 16754 7740 6817 12371 2804 1946 3610 186 1575 443 278 292 809 63 34 30 3047 4 79 174
1506382037 16813 7740 6817 12371 2804 1946 3610 186 1575 443 278 292 809 63 34 30 3047 4 79 174
1506382708 16840 7740 6817 12371 2804 1946 3610 186 1575 443 278 292 809 63 34 30 3047 4 79 174
1506408865 16850 7740 6817 12371 2804 1946 3610 186 1575 443 278 292 809 63 34 30 3047 4 79 174
1506461337 16864 7740 6817 12371 2804 1946 3610 186 1575 443 278 292 809 63 34 30 3047 4 79 174
1506827682 16870 7740 6817 12371 2804 1946 3610 186 1575 443 278 292 809 63 34 30 3047 4 79 174
1507955763 16878 7740 6817 12371 2804 1946 3610 186 1575 443 278 292 809 63 34 30 3047 4 79 174
1508283802 16886 7740 6817 12371 2804 1946 3610 186 1575 443 278 292 809 63 34 30 3047 4 79 174
1509315391 16888 7740 6817 12371 2804 1946 3610 186 1575 443 278 292 809 63 34 30 3047 4 79 174
1509315694 16891 7740 6817 12371 2804 1946 3610 186 1575 443 278 292 809 63 34 30 3047 4 79 174
1509316214 16892 7740 6817 12371 2804 1946 3610 186 1575 443 278 292 809 63 34 30 3047 4 79 174
1509828870 16895 7740 6817 12371 2804 1946 3610 186 1575 443 278 292 809 63 34 30 3047 4 79 174
1509909633 16897 7740 6817 12371 2804 1946 3610 186 1575 443 278 292 809 63 34 30 3047 4 79 174
1510879005 16911 7740 6817 12371 2804 1946 3610 186 1575 443 278 292 809 63 34 30 3047 4 79 174
1511907459 21263 7740 6817 12371 2804 1946 3610 186 1575 443 278 292 809 63 34 30 3047 4 79 174
1511920580 21291 7740 6817 12371 2804 1946 3610 186 1575 443 278 292 809 63 34 30 3047 4 79 174
1511921405 21313 7740 6817 12371 2804 1946 3610 186 1575 443 278 292 809 63 34 30 3047 4 79 174
1512073545 21341 7740 6817 12371 2804 1946 3610 186 1575 443 278 292 809 63 34 30 3047 4 79 174
1512350869 21363 7740 6817 12371 2804 1946 3610 186 1575 443 278 292 809 63 34 30 3047 4 79 174
1512357440 21364 7740 6817 12371 2804 1946 3610 186 1575 443 278 292 809 63 34 30 3047 4 79 174
1512445406 21433 7740 6817 12371 2804 1946 3610 186 1575 443 278 292 809 63 34 30 3047 4 79 174
1512588143 21436 7740 6817 12371 2804 1946 3610 186 1575 443 278 292 809 63 34 30 3047 4 79 174
1512618420 21763 7740 6817 12371 2804 1946 3610 186 1575 443 278 292 809 63 34 30 3047 4 79 174
1512780760 21796 7740 6817 12371 2804 1946 3610 186 1575 443 278 292 809 63 34 30 3047 4 79 174
1513027729 21797 7740 6817 12371 2804 1946 3610 186 1575 443 278 292 809 63 34 30 3047 4 79 174
1513119758 21817 7740 6817 12371 2804 1946 3610 186 1575 443 278 292 809 63 34 30 3047 4 79 174
1513216411 21830 7740 6817 12371 2804 1946 3610 186 1575 443 278 292 809 63 34 30 3047 4 79 174
1513283305 21860 7740 6817 12371 2804 1946 3610 186 1575 443 278 292 809 63 34 30 3047 4 79 174
1513302695 21861 7740 6817 12371 2804 1946 3610 186 1575 443 278 292 809 63 34 30 3047 4 79 174
1513378166 21923 7740 6817 12371 2804 1946 3610 186 1575 443 278 292 809 63 34 30 3047 4 79 174
1513379184 21951 7740 6817 12371 2804 1946 3610 186 1575 443 278 292 809 63 34 30 3047 4 79 174
1513414822 21952 7740 6817 12371 2804 1946 3610 186 1575 443 278 292 809 63 34 30 3047 4 79 174
1513581763 22007 7740 6817 12371 2804 1946 3610 186 1575 443 278 292 809 63 34 30 3047 4 79 174
1513582703 22019 7740 6817 12371 2804 1946 3610 186 1575 443 278 292 809 63 34 30 3047 4 79 174
1513583316 22022 7740 6817 12371 2804 1946 3610 186 1575 443 278 292 809 63 34 30 3047 4 79 174
1513638301 22057 7740 6817 12371 2804 1946 3610 186 1575 443 278 292 809 63 34 30 3047 4 79 174
1513663690 22058 7740 6817 12371 2804 1946 3610 186 1575 443 278 292 809 63 34 30 3047 4 79 174
1513664162 22063 7740 6817 12371 2804 1946 3610 186 1575 443 278 292 809 63 34 30 3047 4 79 174
1513668587 22102 7740 6817 12371 2804 1946 3610 186 1575 443 278 292 809 63 34 30 3047 4 79 174
1513669497 22103 7740 6817 12371 2804 1946 3610 186 1575 443 278 292 809 63 34 30 3047 4 79 174
1513725317 22105 7740 6817 12371 2804 1946 3610 186 1575 443 278 292 809 63 34 30 3047 4 79 174
1513831379 22124 7740 6817 12371 2804 1946 3610 186 1575 443 278 292 809 63 34 30 3047 4 79 174
1513831996 22126 7740 6817 12371 2804 1946 3610 186 1575 443 278 292 809 63 34 30 3047 4 79 174
1513837143 22129 7740 6817 12371 2804 1946 3610 186 1575 443 278 292 809 63 34 30 3047 4 79 174
1516754138 22130 7740 6817 12371 2804 1946 3610 186 1575 443 278 292 809 63 34 30 3047 4 79 174
1516774535 22132 7740 6817 12371 2804 1946 3610 186 1575 443 278 292 809 63 34 30 3047 4 79 174
1518135950 22229 7740 6817 12371 2804 1946 3610 186 1575 443 278 292 809 63 34 30 3047 4 79 174
1518460884 22239 7740 6817 12371 2804 1946 3610 186 1575 443 278 292 809 63 34 30 3047 4 79 174
1518473633 22257 7740 6817 12371 2804 1946 3610 186 1575 443 278 292 809 63 34 30 3047 4 79 174
1518476931 22272 7740 6817 12371 2804 1946 3610 186 1575 443 278 292 809 63 34 30 3047 4 79 174
1518761940 22274 7740 6817 12371 2804 1946 3610 186 1575 443 278 292 809 63 34 30 3047 4 81 174
1519085877 22276 7740 6817 12371 2804 1946 3610 186 1575 443 278 292 809 63 34 30 3047 4 81 174
1519086191 22278 7740 6817 12371 2804 1946 3610 186 1575 443 278 292 809 63 34 30 3047 4 81 174
1519757445 22282 7740 6817 12371 2804 1946 3610 186 1575 443 278 292 809 63 34 30 3047 4 81 174
1519832510 22282 7740 6817 12371 2804 1946 3610 186 1575 443 278 292 809 63 34 30 3047 4 81 174
1520016996 22284 7740 6817 12371 2804 1946 3610 186 1575 443 278 311 809 63 34 30 3047 4 81 174
1520243638 22284 7740 6817 12371 2804 1946 3610 186 1575 443 278 313 809 63 34 30 3047 4 81 174
1520845445 22284 7740 6817 12371 2804 1946 3610 186 1575 443 278 322 809 63 34 30 3047 4 81 174
1520845545 22284 7740 6817 12371 2804 1946 3610 186 1575 443 278 332 809 63 34 30 3047 4 81 174
1520997034 22284 7740 6817 12371 2804 1946 3610 186 1575 443 278 332 809 63 34 30 3047 4 81 174
1521143871 22301 7740 6817 12371 2804 1946 3610 186 1575 443 278 332 809 63 34 30 3047 4 81 174
1521172197 22302 7740 6817 12371 2804 1946 3610 186 1575 443 278 332 809 63 34 30 3047 4 81 174
1521573317 22302 7740 6817 12371 2804 1946 3610 186 1575 443 278 332 809 63 34 30 3047 4 81 174
1521713095 22302 7740 6817 12371 2804 1946 3610 186 1575 443 278 332 809 63 34 30 3047 28 81 174
1521713679 22302 7740 6817 12371 2804 1946 3610 186 1575 443 278 332 809 63 34 30 3047 34 81 174
1521910868 22302 7740 6817 12371 2804 1946 3610 186 1575 443 278 332 809 63 34 30 3047 34 81 174
1521933098 22302 7740 6817 12371 2804 1946 3610 186 1575 443 278 332 809 63 34 30 3047 34 81 174
1522202314 22306 7740 6817 12371 2804 1946 3610 186 1575 443 278 332 809 63 34 30 3047 34 81 174
1523530769 22306 7740 6817 12371 2804 1946 3610 186 1575 443 278 342 809 63 34 30 3047 34 81 174
1523530804 22306 7740 6817 12371 2804 1946 3610 186 1575 443 278 398 809 63 34 30 3047 34 81 174
1526597224 22308 7740 6817 12371 2804 1946 3610 186 1575 443 278 398 809 63 34 30 3047 34 81 174
1526685592 22379 7740 6817 12371 2804 1946 3610 186 1575 443 278 398 809 63 34 30 3047 34 81 174
1527037581 22404 7740 6817 12371 2804 1946 3610 186 1575 443 278 398 809 63 34 30 3047 34 81 174
1527052213 22408 7740 6817 12371 2804 1946 3610 186 1575 443 278 398 809 63 34 30 3047 34 81 174
1527116092 22420 7740 6817 12371 2804 1946 3610 186 1575 443 278 398 809 63 34 30 3047 34 81 174
1527202997 22426 7740 6817 12371 2804 1946 3610 186 1575 443 278 398 809 63 34 30 3047 34 81 174
1527205331 22487 7740 6817 12371 2804 1946 3610 186 1575 443 278 398 809 63 34 30 3047 34 81 174
1527231423 22488 7740 6817 12371 2804 1946 3610 186 1575 443 278 398 809 63 34 30 3047 34 81 174
1527280183 22500 7740 6817 12371 2804 1946 3610 186 1575 443 278 398 809 63 34 30 3047 34 81 174
1527794580 22500 7740 6817 12371 2804 1946 3610 186 1575 443 278 398 809 63 34 30 3047 34 81 174
1527795767 22500 7740 6817 12371 2804 1946 3610 186 1575 443 278 398 809 63 34 30 3047 34 81 174
1529270577 22500 7740 6817 12371 2804 1946 3610 186 1575 443 278 398 809 63 34 30 3047 34 81 174
1529272404 22503 7740 6817 12371 2804 1946 3610 186 1575 443 278 398 809 63 34 30 3047 34 81 174
1530004561 22503 7740 6817 12371 2804 1946 3610 186 1575 443 278 398 809 63 34 30 3047 34 81 174
1530004815 22503 7740 6817 12371 2804 1946 3610 186 1575 443 278 398 809 63 34 30 3047 34 81 174
1530446376 22503 7740 6817 12371 2804 1946 3610 186 1575 443 278 401 809 63 34 30 3047 34 81 174
1530646322 22503 7740 6817 12371 2804 1946 3610 186 1575 443 278 401 809 63 34 30 3047 34 81 174
1530855429 22695 7740 6817 12371 2804 1946 3610 186 1575 443 278 401 809 63 34 30 3047 34 81 174
1531236184 22695 7740 6817 12371 2804 1946 3610 186 1575 443 278 401 809 63 34 30 3047 34 82 174
1531362914 22841 7740 6817 12371 2804 1946 3610 186 1575 443 278 401 809 63 34 30 3047 34 82 174
1531803523 23153 7740 6817 12371 2804 1946 3610 186 1575 443 278 401 809 63 34 30 3047 34 82 174
1533698570 23217 7740 6817 12371 2804 1946 3610 186 1575 443 278 401 809 63 34 30 3047 34 82 174
1533781559 23218 7740 6817 12371 2804 1946 3610 186 1575 443 278 401 809 63 34 30 3047 34 82 174
1533940282 23220 7740 6817 12371 2804 1946 3610 186 1575 443 278 401 809 63 34 30 3047 34 82 174
1534302735 23220 7740 6817 12371 2804 1946 3610 186 1575 443 278 401 809 63 34 30 3047 34 82 174
1538511208 23250 7740 6817 12371 2804 1946 3610 186 1575 443 278 401 809 63 34 30 3047 34 82 174
1540334553 23251 7740 6817 12371 2804 1946 3610 186 1575 443 278 401 809 63 34 30 3047 34 82 174
