1237714200 13641
1237730054 13668
1237730345 13668
1237730886 13628
1237731351 13688
1237732029 13711
1237901404 13717
1237901623 13750
1237904547 13750
1237918965 13861
1237921215 13629
1237927684 13629
1237937207 13634
1237996042 14659
1237996167 14607
1237996198 14645
1238011248 14709
1238036636 14748
1238064374 14751
1238084631 15105
1238084693 15105
1238152475 14994
1238183312 15007
1238185662 15010
1238186277 15010
1238187627 15018
1238187664 15025
1238234299 15133
1238237427 15165
1238408023 15211
1238423255 15206
1238584955 15262
1238589389 15262
1238611200 15310
1238658885 15354
1238659026 15354
1238659249 16058
1238659326 16058
1238685002 16078
1238686384 16075
1238686482 16075
1238706027 16075
1238745891 16085
1238749657 16137
1239005966 16159
1239006576 16167
1239145193 16191
1239147224 16191
1239147383 16191
1239147633 16191
1239185636 16201
1239186315 16225
1239189475 16238
1239189603 16098
1239189996 16164
1239190954 16154
1239191186 16151
1239259495 16215
1239363821 16221
1239364190 16229
1240128156 16438
1240264311 16503
1240266814 16620
1240335782 16654
1240336032 16657
1240357488 16659
1240505171 16671
1240505291 16678
1240847426 16695
1240847524 16697
1240848214 16693
1240848600 16702
1240922575 16717
1240928476 16726
1240929215 16770
1240930496 16769
1240943768 16854
1240946377 16889
1240949081 16889
1240959844 16890
1240994009 16895
1241016648 16895
1241027359 16937
1241095682 16932
1241114923 16932
1241115318 16933
1241447166 16981
1241646897 17003
1241853959 19692
1241855906 19733
1241864312 19753
1241865149 19760
1241945317 19759
1241994972 19786
1242041999 19789
1242042609 19797
1242063947 19802
1242560708 19849
1242747270 20069
1242751198 20075
1242808963 20085
1242809048 20076
1242810549 20170
1242830172 20244
1242832949 20252
1242832986 20249
1242833660 20257
1242834767 20271
1242904940 20301
1242905460 20297
1242906690 20296
1242932621 20402
1242933511 20402
1242987417 20410
1242998967 20412
1243000538 20440
1243001300 20478
1243010151 20478
1243010684 20477
1243018509 20477
1243022160 20478
1243068992 20511
1243070198 20552
1243071201 20547
1243149340 20550
1243149695 20550
1243279820 20554
1243285362 20568
1243286958 20595
1243293166 20607
1243348518 20607
1243349157 20607
1243354250 20686
1243354420 20686
1243364087 20688
1243457600 20769
1243527922 20778
1243527988 20780
1243528135 20780
1243528262 20776
1243592917 20170
1243594341 20164
1243671297 20205
1243671426 20247
1244037692 20264
1244037801 20316
1244126757 20344
1244127024 20329
1244128413 20358
1244134254 20389
1244191851 20404
1244210842 20404
1244235150 20414
1244238266 20424
1244269463 20426
1244275212 20430
1244324448 20688
1244376031 20710
1244382479 20727
1244398963 20729
1244497895 20778
1244584928 20780
1244585033 20780
1244585290 21001
1244585477 20798
1244637611 20803
1245014121 22140
1245014529 22188
1245015265 22197
1245163340 22219
1245163373 22221
1245163504 22300
1245163593 22300
1245166438 22303
1246643846 22305
1246715037 22310
1246791419 22390
1247824616 22390
1248251541 22392
1248438778 22398
1248439400 22402
1249952450 22403
1251815452 22403
1251880198 22452
1251880467 24053
1251880563 24065
1251880652 24115
1251884221 24115
1251967095 24112
1251967367 24111
1252597530 24305
1252597581 24305
1253201039 24305
1253298707 24348
1254471805 24438
1254560067 24438
1254915015 24515
1254929640 24445
1255693465 24514
1255728993 24529
1255729247 24524
1255809779 24531
1255810673 24543
1256031560 24562
1256115024 24591
1256115507 24593
1256220926 24632
1256254570 24640
1256322805 24718
1256325841 24802
1256326989 24811
1256329010 24811
1256329949 24869
1256330365 24869
1256340438 24917
1256340689 24918
1256555082 24957
1256556390 24957
1256570089 24990
1256570707 24987
1256571836 24987
1256572925 24987
1256574811 24991
1256576244 24994
1256577964 25052
1256579232 25091
1256586443 25094
1256594576 25160
1256594779 25160
1256602009 25193
1256630814 25199
1256664672 25297
1256665105 25316
1256665187 25319
1256665457 25319
1256666043 25313
1256732234 25343
1256767437 25347
1256811016 25417
1256812243 25418
1256812315 25418
1256812712 25423
1256813020 25423
1256858145 25435
1256858464 25436
1256861057 25525
1256861489 25526
1256906933 25571
1256916916 25573
1256919624 25600
1256995921 25600
1257026590 25601
1257069295 25715
1257069950 25718
1257072946 25718
1257079414 25718
1257081242 25718
1257085778 25744
1257085914 25745
1257086815 25746
1257086860 25746
1257208539 25756
1257243932 15016
1257244117 15147
1257246313 15158
1257255398 15174
1257324823 15208
1257332367 15213
1257334017 15236
1257814950 15270
1257845169 15270
1257871681 15278
1257877232 15385
1257961117 15458
1257962512 15457
1257965994 15459
1257979351 15459
1258021286 15459
1258022211 15470
1258058105 15470
1258058434 15505
1258058955 15518
1258473455 15584
1258476404 15680
1258566425 15691
1258567340 15700
1258569685 15719
1258572723 15724
1258623739 15728
1258627588 15727
1258632534 15742
1258652658 15742
1258653894 15740
1258656526 15792
1258705120 15791
1258712540 15791
1258721861 15830
1258723629 15857
1258724192 15883
1258798512 15890
1258806351 15926
1258807594 15929
1258808177 15942
1258809230 15947
1258809405 15955
1258818008 15955
1258974023 15983
1258998639 16004
1258998745 16078
1258998935 16080
1259016027 16165
1259017024 16163
1259018337 16165
1259066846 16166
1259081566 16166
1259094548 16200
1259095460 16250
1259255402 16540
1259258612 16553
1259259532 16553
1259358578 16557
1259418700 16560
1259419442 16658
1259423705 16666
1259424388 16687
1259424812 16674
1259427789 16696
1259428751 16735
1259428788 16734
1259437733 13566
1259438346 17761
1259438416 17778
1259442073 17798
1259485835 17811
1259486948 17834
1259487865 17834
1259492971 17840
1259605612 17840
1259609106 17863
1259628478 18009
1259628752 18009
1259664780 18013
1259692663 18014
1260017436 18029
1260019565 18030
1260028690 18675
1260038115 18687
1260057575 18704
1260058155 18708
1260058572 18722
1260059137 18725
1260060161 18726
1260459504 18725
1260470109 18729
1260470832 18731
1260553525 18747
1260572660 18749
1260643362 18766
1260654070 18768
1260663411 18770
1260713386 18771
1260719563 18776
1260816504 18828
1260867970 18842
1260869211 18847
1260886480 18904
1260887609 18902
1260892513 19018
1260893747 19036
1260900401 19083
1260912433 19083
1260912698 19225
1260966640 19228
1260970832 19280
1260980921 19294
1260996537 19294
1261131971 19295
1261132254 19296
1261136726 19322
1261137411 19351
1261138393 19358
1261139504 19368
1261140683 19365
1261145213 19369
1261145358 19374
1261145976 19383
1261168759 19386
1261169362 19381
1261512530 19418
1261516167 19429
1261567412 19431
1261584091 19430
1261584721 14394
1261584907 19434
1261665611 19442
1261946848 19547
1261947483 19548
1261949211 19548
1261963876 19557
1261964411 19548
1262116780 19779
1262117024 19779
1262118757 19779
1262119808 19782
1262120756 19783
1262121965 19796
1262131865 19798
1262441204 19849
1262443021 19849
1262444544 19853
1262635243 19875
1262635315 19875
1262638900 19947
1262652728 20070
1262684942 20071
1262687839 20141
1262693949 20152
1262694486 20163
1262705645 20193
1262705938 20196
1262713619 20397
1262715401 20410
1262717506 20460
1262719556 20480
1262736915 20500
1262738662 20500
1262739090 20500
1262787317 20520
1262826867 20557
1262829796 20567
1262829903 20568
1262872617 20571
1262878868 20587
1262897340 20589
1262897592 20590
1262901118 20599
1262965128 20622
1263059212 20679
1263140581 20842
1263204954 20923
1263228135 21094
1263231915 21118
1263232469 21118
1263233443 21113
1263248818 21150
1263257238 21162
1263299274 21170
1263308220 21183
1263308519 21183
1263326951 21196
1263327832 21205
1263393650 21206
1263406687 21225
1263407910 21242
1263408098 21240
1263418001 21242
1263477521 21250
1263507507 21272
1263550158 21284
1263550572 21298
1263563540 21332
1263566246 21353
1263566384 21351
1263569857 21351
1263579263 21408
1263579463 21413
1263580513 21414
1263581752 21414
1263582138 21418
1263591749 21423
1263646652 21409
1263745477 21414
1263924122 21433
1263925956 21426
1264012739 21422
1264024620 21434
1264076852 21438
1264088192 21542
1264183091 21551
1264265704 21551
1264500147 21547
1264691524 21773
1264950224 21782
1265108513 21786
1265108715 21790
1265109564 21804
1265295352 21853
1265297913 21876
1265459947 21891
1265478819 21891
1265499685 21928
1265535148 21928
1265575955 21981
1265583262 22023
1265720509 22029
1265813949 22029
1266575037 22029
1266856614 22033
1267269968 22052
1267290466 22377
1267290835 22378
1267324579 22408
1267376725 22383
1267478149 22382
1267483584 22406
1267487570 22406
1267487829 22406
1267548142 22407
1267623543 22463
1267623707 22465
1267631984 22493
1267636819 22584
1267637756 22582
1267638042 22582
1267641843 22608
1267643296 22605
1267643622 22606
1267654552 22648
1267662817 22651
1267704650 22656
1267715761 22661
1267716990 22659
1267717430 22699
1267717706 22699
1267718406 22702
1267728315 22743
1267740312 22761
1267794257 22873
1267836976 22951
1267873702 22951
1268001708 22991
1268080387 23037
1268137129 23101
1268147973 23119
1268148170 23187
1268148355 23382
1268152344 23382
1268320236 23393
1268390333 23453
1268433987 23450
1268492142 24127
1268570441 24180
1268571271 24221
1268571508 24228
1268674092 24256
1268677981 24256
1268678006 24256
1268689580 24302
1268693980 24124
1268698283 24122
1268752198 24199
1268752835 24200
1268761477 24264
1268786405 24301
1268787603 24307
1268788016 24309
1268825787 24350
1268829267 24385
1268833262 24423
1268841569 24469
1268842447 24483
1268847015 24483
1268850413 24497
1268877069 24479
1268877568 24480
1268877968 24498
1268879024 24513
1268879228 24518
1268927749 24518
1268934967 24519
1269018157 24554
1269021744 24551
1269062657 24563
1269274109 24571
1269275349 24581
1269275360 24584
1269275506 24590
1269342944 24619
1269343775 24612
1269352489 24611
1269354332 25043
1269368102 25043
1269369613 25050
1269371095 25051
1269428318 25051
1269440124 25861
1269463611 25163
1269464314 25168
1269597387 25178
1269598871 25177
1269619727 25301
1269844703 25301
1269856078 25452
1269857615 25454
1269857674 25455
1269858182 25458
1269858821 25464
1269877693 25473
1269894279 25950
1270057752 25502
1270120409 25660
1270140494 25640
1270152470 25645
1270219335 25649
1270239130 26251
1270641306 25762
1270654604 25763
1270734981 25772
1270735638 25772
1270735646 25784
1270750131 25839
1270750722 25839
1270825376 25844
1270826019 25759
1270830924 25756
1270890851 25756
1271065088 25769
1271068177 25861
1271081021 25861
1271176255 26042
1271177313 26039
1271239945 26069
1271325553 26184
1271347677 26239
1271349164 26242
1271351594 26251
1271405091 26259
1271421352 26390
1271421734 26384
1271426024 26279
1271427790 26304
1271430027 26322
1271433357 26327
1271496905 26339
1271501680 26339
1271501689 26368
1271541829 26384
1271605875 26392
1271667908 26393
1271686273 26393
1271694611 26418
1271754096 26422
1271836461 26422
1271838564 26422
1271838636 26437
1271838668 26436
1271838676 26422
1271838708 26422
1271842289 26429
1271930751 26468
1271941747 26480
1271952290 26469
1271958399 26568
1271960441 26568
1271960640 26568
1272029760 26572
1272042453 26614
1272299979 26678
1272300895 26708
1272304576 26707
1272377251 26722
1272378075 26703
1272380288 26705
1272384412 26705
1272531619 26986
1272548351 27048
1272557255 27055
1272559431 27114
1272564803 27114
1272805534 27121
1272805566 27270
1272805686 27276
1272805865 27277
1273161891 27283
1273169774 27311
1273180786 27327
1273217546 27337
1273217797 27341
1273242827 27360
1273279139 27390
1273280640 27388
1273496965 27578
1273497961 27577
1273510255 27643
1273517814 27670
1273610784 27670
1273657861 27738
1273658172 27739
1273669659 27742
1273677759 27742
1273693908 27742
1273739280 27753
1273740426 27755
1273744436 27756
1273750602 27769
1273753481 27833
1273753836 27837
1273837317 28305
1273845841 28308
1273848084 28270
1273851071 31011
1273851492 30969
1273851727 30972
1273851927 30975
1273852179 30984
1273852467 30982
1273852899 30983
1273853333 30991
1273855713 30993
1273856317 31042
1273857690 31052
1273857841 31050
1273862937 31055
1273863032 31080
1273863058 31123
1273960088 31149
1274272419 33059
1274273637 32957
1274302950 33049
1274346128 33064
1274349782 33071
1274351613 33072
1274351923 33091
1274352657 33098
1274352806 33098
1274356799 33111
1274368140 33119
1274377408 33119
1274436013 33167
1274436050 33167
1274437856 33169
1274443084 33169
1274443156 33169
1274443221 33169
1274443397 33201
1274445739 33204
1274449719 33204
1274774797 33207
1274786111 33347
1274786483 33355
1274789086 33423
1274808624 33502
1274812102 33507
1274815570 33508
1274820167 33508
1274834495 33528
1274885257 33539
1274889328 33539
1274969324 33555
1274973309 33555
1274998812 31222
1274999007 31223
1275042287 31256
1275071161 31113
1275077650 31136
1275083072 31130
1275293294 31172
1275397276 31173
1275484433 31178
1275484702 31180
1275517901 31290
1275644143 31350
1275644197 32647
1275644363 32647
1275661854 32815
1275663954 32706
1275679146 32707
1275679168 32702
1275729538 32702
1275926866 32702
1275928218 32709
1276280876 32919
1276352764 32915
1276434473 32921
1276456191 32923
1276465514 32939
1276465903 32937
1276503585 32966
1276503758 32997
1276531143 32990
1276629387 33108
1276629416 33107
1276634421 33153
1276679003 33310
1277418218 33395
1277996112 33289
1278008013 33289
1278008328 33289
1278008566 33289
1278011618 33302
1278351492 33325
1278353214 33327
1278353688 33329
1278355040 33339
1278357393 33337
1278429840 33352
1278433838 33380
1278435294 33389
1278436036 33400
1278436220 33405
1278436629 33409
1278521093 33456
1278665501 33458
1278928875 33493
1279317378 33497
1279710986 33502
1279796882 33511
1279797144 33511
1279802925 33512
1279806537 33513
1279807587 33519
1279834300 33518
1279883315 33518
1280003821 33500
1280005842 33473
1280006400 33485
1280216202 33493
1280217638 33500
1280218166 33525
1280233802 33524
1280234531 33607
1280234799 33606
1280237168 33620
1280318926 33643
1280335322 33647
1280336212 33648
1280431918 33676
1280434411 33680
1280577306 33692
1280654426 33692
1280924152 33772
1280928568 33806
1280934133 33842
1280934965 33856
1280936816 33883
1280938599 33882
1280939763 33881
1282722842 34036
1282723550 34039
1282736351 34037
1282738112 34040
1282738541 34035
1282740530 34098
1282817064 34937
1282817416 34936
1282817631 34936
1282818533 34941
1282821504 34943
1282821536 34943
1282832346 34943
1282834682 34943
1282836553 34945
1282837922 34945
1282839086 34945
1282841223 34967
1282842640 34967
1282899663 34970
1282905970 34970
1282921466 34981
1282921596 34981
1283157152 34983
1283161037 35020
1283161905 35021
1283175373 35027
1283176623 35047
1283178663 35065
1283240245 35070
1283246226 35091
1283246351 35093
1283246592 35127
1283247772 35194
1283269146 35198
1283272474 35198
1283358690 35201
1283416479 35251
1283417878 35281
1283487207 35284
1283502258 35286
1283760764 35409
1283765242 35412
1283852973 35412
1283945176 35417
1283946351 35417
1283946448 35417
1284020696 35416
1284043090 35417
1284389986 35417
1284390551 35429
1284390715 35430
1284393057 35430
1284469777 35430
1284470298 35430
1284552581 35445
1284629920 35641
1284631338 35636
1284635320 35647
1284636538 35660
1284729932 35670
1284732301 35675
1285153165 35935
1285164570 35936
1285164573 35918
1285164613 35917
1285170544 35916
1285171672 35917
1285250717 35993
1285252742 36064
1285259087 36077
1285283716 36096
1285317015 36149
1285317420 36158
1285319706 36203
1285872814 36508
1286448554 36203
1286461295 36203
1286795109 36205
1286808381 36206
1287057178 36224
1287084141 36392
1287084181 36451
1287134943 36450
1287136658 36463
1287137961 36473
1287138168 36473
1287138545 36474
1287158645 36478
1287676544 36478
1287698804 36497
1287699017 36504
1287699392 36504
1287699506 36506
1287783048 36518
1287820768 36538
1287821928 36538
1287930172 36580
1287996555 36590
1287996877 36591
1288088787 36597
1288192277 36597
1288267945 36734
1288299587 36800
1288691469 36818
1288692909 36821
1288694435 36866
1288695055 36864
1288696199 36866
1288696241 36821
1288717710 36848
1288720788 36851
1288734430 36853
1288738072 37010
1288776679 37010
1288779839 37052
1288782876 37094
1288796584 40431
1288796978 40363
1288800234 40380
1288800430 40381
1288800612 40464
1288804449 40466
1288861770 40419
1288864129 40419
1288949399 40302
1288951073 40302
1288951189 40442
1288951220 40442
1288974136 40445
1288974288 40466
1289213523 40565
1289217216 40567
1289218798 40567
1289229136 40587
1289229255 40588
1289229962 40589
1289477957 40593
1289588540 40597
1289832641 40599
1290350374 40650
1290352345 40655
1290353267 40642
1290354257 40642
1291025697 40644
1291029475 40652
1291029617 40653
1291113595 41620
1291198739 41645
1291735993 41690
1291886462 41701
1291925516 41778
1291990675 41820
1291991764 41825
1291992048 41827
1291992421 41827
1291997018 41842
1291998218 41843
1291998243 41911
1292004900 41895
1292005333 41897
1292325051 41933
1292344921 42336
1292344966 42576
1292345180 42574
1292345332 42574
1292345608 42636
1292347432 42649
1292404474 42689
1292406276 42705
1292407444 42705
1292410375 42672
1292413223 42672
1292422924 42672
1292424569 42665
1292425185 43283
1292425423 43353
1292425669 43353
1292427869 43385
1292428261 43385
1292428448 43384
1292428854 43385
1292429895 43387
1292429941 43390
1292431180 43421
1292847226 43399
1292847252 43377
1292856453 43390
1293385585 43500
1293543729 43577
1293546020 43545
1293556000 43446
1293558394 43140
1293563001 42967
1293591455 42916
1293634647 42862
1293638337 42822
1293638563 42822
1293647982 42827
1293657500 42887
1293660000 42917
1293660498 42922
1293720924 42921
1293723696 43003
1293723731 43004
1293725226 43067
1293726114 43071
1293728008 43074
1293729421 43083
1293730666 43098
1293733019 43127
1293733223 43129
1293751097 43149
1293759540 43172
1293802224 43184
1293808209 43199
1293813179 43273
1293816211 43229
1293914156 43263
1293914388 43269
1293914654 43273
1293986524 43297
1294000757 43246
1294003646 43246
1294046259 43297
1294048059 43324
1294048305 43329
1294048739 43284
1294071517 43343
1294072067 43359
1294072640 43359
1294072810 43359
1294143604 43369
1294162084 43384
1294163589 43392
1294164203 43401
1294164435 43880
1294227254 43913
1294415016 43912
1294415031 43897
1294420514 43946
1294425102 43969
1294440060 44030
1294440691 44032
1294441797 44054
1294447328 44055
1294448761 44056
1294448868 44054
1294585010 44081
1294588192 44203
1294593934 44228
1294596104 44231
1294597534 44234
1294598576 44235
1294607828 44235
1294692308 44246
1294960759 44248
1294995237 44248
1294996802 44274
1295126662 44274
1295127067 44274
1295255001 44285
1295517565 44285
1295517625 44262
1295525903 44306
1295779594 44326
1295797267 44399
1295817255 44413
1295859942 44413
1295862966 44429
1296034952 44428
1296120445 44432
1296143557 44433
1297079521 44437
1297082609 44437
1297088881 44437
1297242635 44449
1297419375 44465
1297648287 44479
1297856500 44492
1297941659 44532
1298306485 44534
1298307054 44536
1298329383 44537
1298371757 44537
1298389224 44542
1298392833 44553
1298395320 44553
1298450369 44564
1298627997 44574
1298657485 44583
1298883408 44605
1298900929 44608
1298902429 44608
1298903514 44608
1298908534 44613
1298909169 44615
1298909191 44617
1298910972 44617
1298912027 44619
1298912105 44621
1298989235 44641
1299249938 44641
1299250141 44642
1299251634 44644
1299252170 44644
1299258643 44648
1299438008 44652
1299438781 44656
1299440800 44658
1299442480 44669
1299496920 44665
1299593031 44665
1299593420 44660
1299596134 44659
1299599559 44657
1299681861 44661
1299684258 44732
1299684789 44731
1299684962 44732
1299688096 44742
1299688262 44747
1299692999 44757
1299694444 44775
1299771559 44783
1300182424 44784
1300641889 44784
1300830552 44831
1301388878 44886
1301389495 44887
1301413875 46605
1301413922 46609
1301414554 46630
1301489899 46663
1301496688 46668
1301499673 46695
1301501571 46695
1301677168 46777
1301677221 46797
1302004648 46799
1302085185 46840
1302096970 46845
1302173702 46880
1302191188 46946
1302195856 46949
1302196944 46954
1302204881 46958
1302210361 46973
1302210632 46973
1302211407 46974
1302211998 46974
1302250661 46975
1302532779 46984
1302532866 47054
1302533927 47074
1302536435 47076
1302539160 47084
1302551265 47086
1302683936 47091
1302683946 47190
1302685101 47233
1302687725 47232
1302701983 47237
1302703085 47262
1302712851 47297
1302713189 47297
1302713450 47297
1302718631 47297
1302722772 47297
1302766882 47300
1302780674 48641
1302878127 48646
1302878154 48647
1302879127 48663
1302882248 48663
1302883704 48668
1302883712 48669
1302884905 48676
1303153752 49035
1303225675 48690
1303227423 48701
1303247256 50043
1303247445 50043
1303250083 50064
1303296663 48700
1303375792 48715
1303393082 48777
1303393667 48798
1303397791 48796
1303457848 48800
1303458246 48820
1303902983 50065
1303903492 50165
1303903832 50151
1303904149 50153
1303907367 50157
1303907576 50159
1303907938 50167
1304010033 48864
1304172930 78757
1304178412 78865
1304195361 78930
1304212373 78936
1304213260 78936
1304246942 78936
1304248064 78963
1304254072 79075
1304256407 79126
1304257007 48867
1304257139 48940
1304257706 79124
1304257833 79125
1304286190 79147
1304287957 79168
1304289385 79168
1304289842 79172
1304323706 79187
1304355873 48956
1304370248 79187
1304374061 79192
1304458357 48981
1304494297 48980
1304497025 48998
1304497822 48996
1304586801 49033
1304600151 49036
1304610614 50167
1304610739 50168
1304610972 50169
1304611802 50174
1304681907 50194
1304689449 50221
1304690890 50234
1304691794 50245
1304695287 79237
1304695519 79237
1304695854 79237
1304696223 79242
1304760757 79194
1304761229 79196
1304761654 50245
1305014824 50245
1305014881 50245
1305015350 50259
1305019897 50259
1305224113 50267
1305224425 50266
1305224460 50265
1305297763 79234
1305316958 79276
1305454554 50268
1305466381 50271
1305473286 50278
1305559227 50280
1305563523 79340
1305563767 79340
1305884649 50287
1305884705 50295
1306226148 50295
1306226599 50295
1306255237 79467
1306258991 79502
1306319354 50295
1306502827 72302
1306504889 72303
1308067599 72300
1308266989 140340
1308268500 140351
1308269179 140365
1308271761 140379
1308336469 140379
1308336857 140379
1308339356 140379
1308339465 140379
1308399931 140384
1308404858 140391
1308410408 140405
1308419947 140379
1308420386 140380
1308421042 140405
1308421150 140412
1308421303 140415
1308422056 140415
1308422265 140416
1308422627 140418
1308423245 140418
1308997764 110955
1308998575 110958
1310467156 111379
1310467289 111381
1310468312 111381
1310551442 111358
1310564283 111434
1310564313 111434
1310577322 111423
1310743257 111432
1310744500 111456
1310747304 111456
1311328341 111467
1311329500 111471
1311844842 111580
1311849104 111471
1311849172 111592
1311849197 111577
1312883157 111580
1312883181 111596
1313663159 111611
1313663254 111612
1313664270 111627
1313665384 111639
1313675346 111797
1315415328 111596
1315814663 111598
1315817629 111612
1315818348 111612
1315909314 111612
1315922388 111752
1315922946 111757
1315923026 111759
1315923465 111735
1315923577 111736
1315923672 111737
1315925613 111735
1315925803 111735
1315925838 111734
1315931228 111798
1315998499 111798
1316005828 111803
1316006867 111803
1316018369 111863
1316019921 111871
1316020188 111804
1316094389 111896
1316094734 111896
1316099095 111813
1316103791 111900
1316103838 111904
1316103953 111907
1316164119 111914
1316167908 111914
1316169312 111960
1316169377 111960
1316169393 112052
1316180654 112051
1316181181 112051
1316443933 112052
1316444787 112058
1316447390 112058
1316471501 140428
1316471561 140442
1316472099 140444
1316473214 140382
1316508501 112059
1316508934 112061
1316509135 112063
1316509258 112063
1316509934 112063
1316510155 111506
1316523001 111505
1316525689 111482
1316625223 111480
1316637144 111480
1316697326 111561
1316699268 111562
1316699648 111562
1316700040 111561
1316782308 111661
1316783167 111663
1316785258 111723
1317044439 111750
1317123946 111758
1317124630 111764
1317130231 111784
1317130781 111799
1317132458 111792
1317141983 111811
1317218152 111830
1317227316 111831
1317229715 111868
1317284403 111868
1317293446 111892
1317295089 111901
1317300255 111896
1317301463 111897
1317302046 111897
1317302761 111898
1317303062 111898
1317303910 111902
1317305209 111927
1317400131 111995
1317400885 112007
1317403256 112012
1317403296 112029
1317413844 112029
1317413887 112051
1317425506 112069
1317474667 112069
1317557129 112082
1317631687 112636
1317632323 112642
1317634141 112658
1317634530 112666
1317641334 112661
1317648023 112743
1317649514 112744
1317649870 112752
1317650684 112757
1317715521 112760
1317736387 112761
1317741749 112800
1317744326 112811
1317746583 112812
1317823365 112813
1317823715 112839
1317823734 112844
1317829202 112844
1317837333 112891
1317994654 112961
1317998056 112989
1318064337 112989
1318240873 113008
1318252879 113011
1318253376 113011
1318277116 113026
1318278077 113040
1318510289 113043
1318511763 113044
1318595441 113044
1318603931 113053
1318604372 113063
1318839935 113063
1318840137 113069
1318840811 113075
1318862345 113075
1318862648 113075
1318865723 113096
1318928972 113103
1318971690 114919
1319035330 114798
1319035355 114799
1319036274 114799
1319102250 114801
1319102290 114637
1319119343 114683
1319160058 114812
1319359336 114684
1319360221 114688
1319364967 114686
1319365711 114707
1319489220 114754
1319531159 114779
1319534355 114810
1319537415 114810
1319546775 114810
1319565250 114810
1319626410 114811
1319719750 114834
1319741772 114834
1319815900 114854
1319816584 114855
1320051426 114855
1320054521 114892
1320056008 114919
1320056064 114919
1320056241 114923
1320056469 114927
1320072189 114927
1320072432 114902
1320073747 114904
1320244125 114909
1320765308 115232
1320767840 115269
1320768475 115268
1320777689 115274
1320782452 115275
1320793186 115277
1320793383 115283
1320842399 115283
1320853879 115320
1320855614 115321
1320858335 115345
1320860868 115345
1320872367 115345
1320943922 115371
1321020710 115460
1321122455 115546
1321262113 115554
1321281284 115552
1321281433 115618
1321281595 115630
1321282796 115644
1321366179 115673
1321367170 115745
1321367813 115745
1321435782 115826
1321446643 115826
1321450850 115834
1321461282 115835
1321464199 115835
1321621848 115901
1321622618 115901
1321628027 115902
1321630162 115906
1321630226 115906
1321869352 115906
1321886040 115911
1321886072 115921
1321886154 115922
1321887289 115925
1321887929 115933
1321887963 115941
1321888671 115952
1321888770 115952
1321953225 115974
1321953375 115974
1321968452 115974
1321968473 115974
1322069892 115979
1322142994 115980
1322143482 115989
1322146046 116032
1322219590 116032
1322220420 116053
1322233756 116059
1322234995 116392
1322235615 116400
1322237305 116406
1322472930 116399
1322474643 116403
1322580552 116422
1322661880 116422
1322663716 116445
1322738144 116445
1322738302 116446
1322743493 116490
1322743519 116490
1322743836 116498
1322750449 116507
1322752075 116516
1323192172 116535
1323244709 116522
1323254065 116541
1323254858 116526
1323258267 116526
1323274517 116526
1323276681 116526
1323279099 116516
1323700440 116649
1323701871 116675
1323707259 116695
1323707963 116715
1323771394 116737
1323789748 116778
1323796041 116778
1323871871 116809
1323945760 116840
1323961669 116874
1323975808 116875
1324373373 116888
1324396827 116887
1324399977 116888
1324455802 116888
1324455854 116889
1324458332 116892
1324459894 116883
1324465122 116883
1324466222 116883
1324466533 116883
1324466598 116883
1324481842 116885
1324483943 116890
1324484011 116912
1324628851 116915
1324629246 116921
1324629268 116921
1324827174 117147
1325270080 116931
1325342042 116928
1325342253 116930
1325344186 116948
1325847367 121972
1325850869 116979
1325867320 117062
1325937288 117062
1326217036 117068
1326309941 117068
1326380577 117128
1326381881 117132
1326505756 118581
1326703144 117136
1326704618 117142
1326704913 117093
1326709642 117107
1326729024 117117
1326729041 117117
1326800581 117168
1327311367 117324
1327331557 117446
1327331842 117449
1327331989 117449
1327335349 117473
1327393959 117471
1327398210 117575
1327400603 117612
1327403028 117612
1327412783 117612
1327415595 117612
1327484485 117610
1327506413 117610
1327507172 117610
1327507198 117610
1327511276 117610
1327511464 117632
1327512896 117684
1327590504 117684
1327592708 117689
1327915534 117711
1327915670 117711
1327916428 117711
1327954090 117711
1328002552 117705
1328006612 117707
1328022561 117734
1328106148 117779
1328112345 117795
1328113072 117821
1328114268 117821
1328114943 117845
1328129261 117850
1328173360 117852
1328174236 117862
1328196652 117880
1328339491 148169
1328431028 117880
1328431121 117851
1328436481 117932
1328623718 117930
1328736299 117931
1328738375 117958
1328739639 117958
1328801315 117969
1328801785 117969
1328803741 117969
1329230150 117977
1329231724 118333
1329232306 118409
1329232520 118409
1329245851 118412
1329304864 118414
1329381627 118564
1329391256 118564
1329404948 118569
1329405220 118577
1329679596 119108
1329680039 119110
1329680960 119110
1329815164 119110
1329845149 119112
1329900730 119112
1329900749 119112
1329906330 119112
1329920171 119113
1329923226 119120
1329927594 119147
1329927760 119141
1329929058 119141
1330005763 119161
1330007966 119159
1330094716 119161
1330094785 119890
1330246772 119925
1330246887 119892
1330269523 119924
1332587216 119924
1332587278 121233
1332642303 122210
1332642788 122163
1332665854 121234
1332667655 121240
1332668599 121242
1332809899 123296
1332819718 123331
1332837225 121257
1332881904 121228
1332882008 121228
1332924917 121228
1332928116 121968
1332929012 121969
1332933379 121345
1332935139 121365
1332935483 121365
1332958224 121393
1332960470 121398
1333005842 121401
1333006409 121401
1333040813 121452
1333095967 121466
1333096774 121452
1333185705 121481
1333185810 121481
1333186117 121481
1333206520 121487
1333268107 121487
1333277500 121539
1333356384 121539
1333356759 121547
1333358087 121547
1333359865 121614
1333362704 121807
1333365039 121805
1333377504 121799
1333377539 121799
1333446825 121807
1333448260 121808
1333458642 121811
1333458651 121857
1333459787 121944
1333545077 121948
1333545090 121948
1333546693 121954
1333557097 121954
1333559852 121969
1333562063 121954
1333607122 121954
1333615960 121966
1333616049 121954
1333616172 121963
1333633928 121975
1333708037 121972
1333739570 121974
1333749148 121980
1333749173 122006
1333757009 122001
1333757448 121993
1333790092 121994
1333790784 122011
1333793483 122024
1333797724 122035
1333876600 122049
1333962660 122067
1333966847 122066
1333967589 122105
1333967637 122105
1333967804 122107
1334004041 122130
1334065630 122161
1334068473 122161
1334069189 122161
1334069308 122162
1334134615 122162
1334136742 122210
1334138312 122210
1334139125 122210
1334139150 122231
1334161544 122235
1334221778 122236
1334224192 122236
1334224218 122240
1334224318 122236
1334326436 122240
1334326573 122314
1334649882 122315
1334660709 122325
1334672930 122332
1334741484 122334
1334741658 122336
1334741834 122336
1334759159 122347
1334762273 122350
1334762534 122355
1334763168 122368
1334763482 122370
1334764577 122394
1334764812 122401
1334765102 122408
1334765448 122418
1334765611 122425
1334773982 122518
1334775217 122518
1334785816 122538
1334786167 122539
1334871315 122539
1334872173 122577
1334873047 122582
1334932722 122681
1335002906 122589
1335028803 122632
1335033351 122632
1335037761 122632
1335170604 122641
1335171463 122641
1335172041 122641
1335173659 122641
1335194859 122650
1335258435 122662
1335258715 122665
1335259690 122665
1335264719 122685
1335264810 122685
1335279247 122712
1335280521 122711
1335287127 122743
1335287643 122743
1335431812 122762
1335431867 122762
1335432313 122765
1335449093 122751
1335450079 122753
1335451991 122751
1335519685 122753
1335535037 122753
1335536911 122753
1335620340 122766
1335776103 122770
1335801432 122781
1335806180 122781
1335951646 122785
1335971685 122787
1335987901 122787
1335991310 122801
1336131662 122801
1336157646 123031
1336177584 122800
1336291531 122940
1336552492 122940
1336589100 122940
1336725912 122944
1336745337 122944
1336749969 122961
1336756651 122969
1336768408 122969
1336920029 123005
1336938755 123024
1337004281 123026
1337009751 123027
1337018794 123331
1337088432 157152
1337163749 126787
1337178189 127027
1337262644 127158
1337416400 127169
1337436985 127182
1337467775 127198
1337504634 127204
1337504789 127204
1337542498 127213
1337550465 126742
1337611805 126756
1337684621 126872
1337685204 126760
1337701220 127244
1337763758 126769
1337764789 126771
1337803970 127322
1337852121 126770
1337864603 126874
1337940690 127347
1337952059 127347
1338493539 127354
1338601725 127378
1338625317 127358
1338672597 127382
1338925810 140664
1339092111 140444
1339160598 131412
1339420786 127401
1339451074 127430
1339507216 127467
1339575952 127467
1339682365 127472
1339747405 127476
1340272201 127524
1340281553 127524
1340696867 127616
1340789197 127616
1341820826 142123
1341828848 127618
1341960703 142125
1342345110 131165
1342605703 127618
1342970029 127627
1342970322 127627
1343040892 130197
1343048815 130197
1343048916 130197
1343126560 130222
1343140523 130222
1343146544 130256
1343146805 130255
1343148364 130258
1343149046 130260
1343208739 130276
1343225702 130284
1343225753 130284
1343226817 130368
1343230151 130373
1343285482 130668
1343297380 130373
1343378379 130610
1343501717 130628
1343722463 130646
1343725521 130667
1343744295 130670
1343747486 130681
1343911030 130681
1343925630 130760
1343990353 130801
1345562821 130863
1345563104 130865
1345627947 130919
1345803024 130919
1345804194 130931
1345805737 130938
1345815622 130938
1345829324 130971
1346151365 130971
1346167226 130981
1346168701 130991
1346169198 131006
1346233441 131013
1346237064 131074
1346310499 131860
1346342222 131086
1346401341 131099
1346404133 131100
1346419977 131159
1346747869 131387
1346766724 131159
1346767613 131161
1346800361 131160
1346853577 131160
1346859966 131170
1347273775 131170
1347352324 131174
1347871556 131381
1347878757 131382
1348082980 131536
1348151616 131538
1348219986 131650
1348678794 131695
1348834755 131730
1348844097 131766
1349079003 131731
1349257268 131840
1349284486 131915
1349344157 131840
1349424634 131861
1349426929 131871
1349517867 131426
1349860694 131429
1349973245 131430
1350401750 131446
1350509541 140382
1350509568 140382
1350512790 140446
1350513944 140446
1350894534 131446
1350895419 131446
1350899060 131460
1350899723 131460
1350926507 131463
1351074094 131465
1351174555 131478
1351196878 131479
1351258701 131479
1351260385 131496
1351619840 131521
1351620646 131518
1351671785 131518
1351672144 131518
1351764895 131525
1351780597 131518
1351804245 131525
1351805979 131529
1351854647 131529
1351870288 135775
1351940188 135775
1351941329 135787
1352229934 131529
1352282243 131558
1352298747 131619
1352395523 132995
1352396600 133013
1352398469 133013
1352757876 133038
1352892083 133195
1352893958 133195
1353006665 133323
1353147474 133323
1353150557 133351
1353150673 133362
1353320696 133221
1353322928 133237
1353500258 133239
1353500378 133325
1353575324 133300
1353594508 133362
1353595800 133378
1353856881 134524
1353886599 133378
1354045293 133378
1354099287 133379
1354124375 134488
1354195208 134545
1354201934 134545
1354235734 134571
1354286469 134573
1354286486 134655
1354361167 134669
1354399629 134690
1354476978 134674
1354532798 134676
1354533173 134677
1354534213 134679
1355241660 134693
1355320762 140571
1355333681 134693
1355501440 134727
1355739069 134817
1355739234 134818
1356013255 134818
1356383441 143431
1357219083 134822
1357219375 134826
1357811165 134827
1357812631 134847
1357813180 134848
1357926208 134912
1357926640 134912
1357944632 134857
1358155160 134945
1358155754 135035
1358159994 134873
1358355620 135019
1358361760 135018
1358505689 135018
1358587501 135018
1358587676 135018
1358587948 135019
1358596325 135031
1358597981 135032
1358599574 135035
1358766414 135035
1358766685 135035
1358766723 135035
1358767142 135035
1358768062 135033
1358790616 135059
1358792151 135061
1358934539 135128
1358954613 135233
1358955527 135235
1358955885 135236
1358957058 135247
1359023080 135247
1359023230 135253
1359040853 135336
1359041268 135339
1359108960 135339
1359116348 135468
1359131692 135470
1359374403 135472
1359374663 135626
1359463393 135632
1359463801 135633
1359567196 136472
1359601756 135679
1359627255 135693
1359632268 135633
1359646406 136473
1359649161 135641
1359720061 136473
1359727543 136473
1359728216 136485
1359728882 136485
1359969678 135641
1359970351 135641
1360057729 135641
1360061036 135651
1360062156 135651
1360129634 137635
1360260780 135693
1360315579 135694
1360337421 135738
1360338059 135752
1360339391 135763
1360339561 135767
1360369079 135772
1360424037 136490
1360581081 135775
1360670192 136491
1360670355 136538
1360672044 136542
1360679065 136569
1360682741 136571
1360684407 136576
1360759100 136577
1360776813 136585
1360777420 136582
1360842556 136582
1360842934 136582
1360843288 136584
1360844456 136586
1360851602 136585
1360852593 136585
1360864148 136586
1360925454 136586
1360925873 136585
1360929515 136585
1360943079 136602
1360943104 136599
1360943604 136599
1360944715 136602
1361362731 136602
1361370584 136602
1361376472 136606
1361377715 136611
1361378214 136615
1361438544 137482
1361443498 136617
1361443877 136617
1361448041 136641
1361448419 136641
1361460288 136641
1361460682 136642
1361461926 136654
1361462307 136654
1361466606 136689
1361523907 136689
1361524532 136697
1361524581 136697
1361525033 136709
1361529190 136726
1361532316 136753
1361551415 136824
1361551549 136825
1361557110 136846
1361557238 136848
1361557441 136849
1361787303 136865
1361787617 136900
1361787784 136895
1361787882 136895
1361788821 136895
1361789029 136932
1361790271 136938
1361792270 136953
1361792432 136957
1361792473 136956
1361813895 136956
1361816002 136982
1361873283 136983
1361873988 136983
1361875932 137266
1361887119 137327
1361887407 137330
1361888144 137340
1361890275 137340
1361937191 137351
1361959247 137354
1361962811 137354
1361964435 137363
1361964560 137362
1361964807 137362
1361977121 137383
1361977979 137389
1361981373 137391
1361982191 137392
1361984028 137395
1361984159 137442
1361984542 137452
1362053576 137453
1362060009 137460
1362060665 137466
1362060812 137464
1362061389 137480
1362062514 137475
1362063269 137473
1362215806 137473
1362391021 137473
1362392072 137480
1362399309 137534
1362399741 137547
1362407278 137549
1362407983 137549
1362415625 137663
1362422736 137552
1362422820 137556
1362480611 137559
1362482019 137570
1362482250 137567
1362483551 137576
1362484702 137582
1362484964 137587
1362485705 137592
1362492332 137619
1362496328 137631
1362567038 137631
1362568482 137643
1362568778 137644
1362569052 137644
1362569683 137637
1362569767 137637
1362569912 137636
1362570048 137642
1362581236 137645
1362583706 137665
1362590683 137654
1362666152 137659
1362667019 137676
1362667253 137680
1362740073 137685
1362747590 137688
1362747672 137704
1362760880 137704
1362761338 137713
1362825860 137713
1362826134 137717
1362994934 137717
1362995463 137725
1362996633 137741
1363078669 137745
1363109648 137745
1363113636 137744
1363113993 137742
1363114533 137749
1363165473 137781
1363169565 137800
1363175042 137826
1363175470 137826
1363176649 137857
1363191680 137875
1363192026 137873
1363192279 137877
1363196288 137896
1363198083 137923
1363275117 137934
1363275542 137936
1363275776 137944
1363292518 137944
1363292832 137944
1363350023 137944
1363358196 137946
1363358633 137967
1363358689 137967
1363360294 137979
1363360540 137983
1363361716 138013
1363361989 138020
1363362248 138021
1363362345 138021
1363362821 138036
1363682772 138038
1363683485 138048
1363705290 138047
1363735847 138064
1363771920 138066
1363772922 138076
1363775555 138079
1363776655 138081
1363859230 138078
1363879913 138086
1363882314 138141
1363882388 138141
1363882934 138141
1363886226 138143
1363951686 138143
1363952869 138145
1363953217 138145
1363953558 138151
1363953813 138150
1363970383 138149
1363971272 138329
1364208968 138329
1364212238 138345
1364212313 138346
1364212981 138347
1364213657 138366
1364220085 138368
1364236259 138368
1364290065 138367
1364291295 138362
1364291890 138366
1364292562 138366
1364294534 138366
1364302277 138366
1364318163 138369
1364380187 138422
1364380223 138425
1364380287 138479
1364403302 138487
1364467009 138505
1364467142 138505
1364467574 138515
1364471107 138515
1364481619 138565
1364484317 138607
1364506906 138611
1364894692 138617
1364896523 138617
1364904350 138629
1364985674 138630
1364995900 138462
1365008138 138464
1365069768 138649
1365071350 138662
1365078061 138663
1365078214 138663
1365078605 138340
1365442820 138340
1365498445 138335
1365499458 138333
1365499791 138337
1365502406 138349
1365678701 138369
1365678920 138377
1365692559 138589
1365697188 138594
1365699358 138615
1365700349 138623
1366294892 138377
1366346542 138377
1366377094 138377
1366382047 138415
1366622744 138417
1366718922 138430
1366736556 142117
1366793827 138486
1366795817 138482
1366898770 138593
1366967481 138517
1367229654 138575
1367291278 138589
1367317486 138588
1367327302 138577
1367508049 138589
1367577465 138624
1367999318 138635
1367999373 138635
1367999991 138635
1368007106 138636
1368010902 138716
1368019480 138716
1368096724 138742
1368523370 138752
1368611901 139464
1368886912 139464
1369413703 139464
1369414737 139454
1369435076 139472
1369436040 139484
1369436407 139455
1369437747 139485
1369644113 139493
1369644337 139497
1369646237 139524
1369646645 139527
1369647844 139527
1369675983 139529
1369747422 139530
1369752501 139552
1369820204 139627
1369820740 139629
1369849974 139536
1369850193 139536
1369907023 139629
1369908805 139631
1369909111 139642
1369909408 139644
1369932868 139690
1369993403 139690
1370021496 139690
1370354033 139693
1370979180 139693
1371059407 139736
1371463694 139737
1371464071 139749
1371569615 139773
1371576656 139773
1371645880 139774
1371659103 139775
1371659493 139775
1371660787 139792
1371716498 139805
1371735120 139854
1371735296 139854
1371740191 139854
1371809273 139883
1372062364 139978
1372093051 140016
1372094869 140013
1372150619 140013
1372157396 140013
1372165994 140016
1372167157 140018
1372167348 140068
1372167408 140069
1372168147 140086
1372234280 140093
1372252622 140100
1372252746 140100
1372328063 140106
1372430389 140162
1372432083 140192
1372759012 140195
1372759687 140204
1372760068 140216
1372760298 140217
1372779882 140206
1372845584 140210
1372846735 140234
1372955459 140248
1372956526 140255
1372956589 140256
1372956615 140291
1373015275 140284
1373015324 140283
1373017640 140331
1373272936 140336
1373292523 140444
1373292712 140442
1373359637 140453
1373362372 140452
1373366960 140481
1373376510 140481
1373377594 140490
1373379681 140490
1373459698 140488
1373459833 140481
1373460278 140481
1373541087 140489
1373553099 140492
1373553510 140496
1373619309 140497
1373623012 140523
1373623356 140535
1373623565 140537
1373663524 140537
1373979913 140541
1373982216 140571
1374066262 140578
1374482187 140665
1374483955 140666
1374528476 140669
1374529203 140676
1374573017 140674
1374590155 140812
1374655075 140814
1374657699 140813
1374685176 140813
1374741139 141115
1375002009 141112
1375008547 141112
1375112359 141150
1375697122 141229
1375711916 141241
1375785373 141195
1375786549 141206
1375786744 141206
1375794043 141232
1375807854 141272
1375808514 141278
1375883931 141286
1375883999 141287
1375884484 141287
1375965114 141292
1375972928 141344
1376296154 141355
1376300301 141355
1376301054 141355
1376302238 141299
1376303932 141299
1376304206 141306
1376387262 141488
1376654884 141333
1376659604 141332
1376659885 141334
1376904558 141354
1376916818 141399
1376916871 141399
1376917833 141399
1376925948 141399
1376992195 141399
1376993097 141399
1377076721 141409
1377077769 141407
1377093070 141407
1377165208 141409
1377165265 141424
1377169379 141426
1377172876 141446
1377173107 141438
1377176033 141447
1377526585 141440
1377588703 141442
1377591361 141443
1377597132 141466
1377597278 141466
1377597407 141470
1377597574 141485
1377599812 141484
1377601206 141488
1377668092 141544
1377668680 141544
1377769763 141493
1377786237 141526
1377845951 141541
1378200421 141541
1378201329 141545
1378201387 141544
1378282070 141544
1378283126 141558
1378283529 141566
1378283753 141565
1378291281 141577
1378302736 141597
1379403961 141597
1379661741 141606
1379669204 141619
1379792192 141620
1380534798 141620
1380882309 141624
1380884364 141630
1380895945 141640
1381230273 141811
1381325840 141825
1381328313 141821
1381328487 141821
1381328954 141828
1381329360 141828
1381480472 141836
1381505599 141872
1382694332 142117
1382694356 142117
1382694498 142117
1382694548 142115
1382694668 142112
1382694877 142112
1382694928 142112
1382695083 142108
1382695213 142108
1382695309 142111
1382713290 142195
1382713555 142195
1382955094 142307
1382955223 142307
1382955438 142309
1382955452 142321
1382956354 142331
1382956602 142341
1382962803 142341
1382980419 142340
1383129241 142342
1383129372 142342
1383130684 142376
1383146679 142416
1383146747 142456
1383148225 142485
1383209001 142493
1383211953 142506
1383212156 142507
1383212247 142509
1383647064 142604
1383648971 142601
1383649050 142601
1383649267 142601
1383650189 142606
1383661184 142627
1383661821 142630
1383661941 142632
1383662870 142649
1383668591 142665
1383733304 142668
1383733429 142669
1383733844 142626
1383837126 142626
1383864798 142626
1383903136 142670
1383924410 142703
1383926530 142741
1383927559 142741
1383927949 142746
1383928079 142746
1383940548 144396
1384158336 142747
1384795084 142747
1385042485 142968
1385045028 142960
1385046341 142970
1385047379 142967
1385050020 142963
1385371278 142963
1385371474 142963
1385373440 142963
1385475325 142962
1385648626 142967
1385651818 142968
1385652349 142970
1385738225 142972
1385743026 142988
1385827068 143485
1385979143 143057
1385983337 143062
1385996119 143066
1386074441 143066
1386075246 143066
1386089033 143174
1386090195 143207
1386168740 143380
1386251707 143385
1386257315 143385
1386257732 143385
1386258125 143385
1386260300 143385
1386266025 143385
1386323320 143385
1386326266 143387
1386330416 143387
1386592119 143394
1386592364 143411
1386694185 143415
1386694274 143416
1386695904 143417
1386697106 143431
1386759978 143444
1386771790 143451
1386843824 143451
1386844211 143451
1386857948 143455
1386928873 143446
1386930599 143447
1386931023 143453
1386936605 143456
1387269491 143456
1387269942 143456
1387270833 143456
1387272432 143456
1387279322 143457
1387279717 143458
1387288224 143459
1387444725 143461
1387463145 143502
1387463406 143474
1387464925 143474
1387465344 143478
1387529778 143497
1387539438 143529
1387540033 143537
1387546811 143532
1387580693 143532
1387581817 143533
1387703116 143534
1387703735 143544
1387709005 143555
1387794695 143556
1387799319 143558
1387990656 143580
1387991607 143589
1387992244 143587
1387992510 143587
1387993189 143587
1387993270 143587
1389186662 143587
1389187506 143594
1389197764 143605
1389197880 143607
1389262163 143608
1389262743 143618
1389359584 143618
1389360701 143642
1389361304 143648
1389362559 143669
1389363415 143703
1389363521 143704
1389363726 143705
1389364422 143705
1389364750 143714
1389607513 143714
1389610238 143792
1389610557 143799
1389687806 143805
1389695248 143805
1389710269 143805
1389713594 143839
1389778272 143865
1389781414 143872
1389782021 143872
1389785172 143873
1389785673 143876
1389798414 143877
1389800646 143881
1389800971 143881
1389801045 143886
1389861983 143889
1389885808 143895
1389890975 143899
1389891736 143939
1389950980 143939
1389955722 143997
1389956766 144003
1389958369 144002
1389977805 144004
1389979231 144005
1389979355 144007
1390212494 144012
1390212642 144013
1390213144 143998
1390215172 144013
1390380883 144014
1390388648 144060
1390388862 144062
1390410546 144074
1390412322 144096
1390412766 144100
1390572361 144129
1390647233 144129
1390900256 144129
1390922887 144133
1390923263 144134
1390924310 144149
1390990132 144166
1390990942 144168
1390991894 144153
1390994236 144145
1391007660 144148
1391009944 144191
1391010671 144216
1391012170 144218
1391012395 144222
1391012926 144221
1391096063 144221
1391101511 144348
1391102611 144348
1391159616 144349
1391163154 144386
1391164249 144386
1391164310 144386
1391176543 144401
1391176790 144407
1391181913 144429
1391422704 144429
1391438740 144429
1391439063 144429
1391440553 144435
1391525529 144499
1391601684 144674
1391602203 144684
1391611515 144684
1391611958 144686
1391612512 144690
1391614690 144693
1391768544 144697
1391788764 144718
1391794160 144719
1392032061 144719
1392041952 143687
1392043134 143618
1392043989 143627
1392044059 143628
1392044121 143628
1392044427 143630
1392046053 143632
1392047949 143632
1392048517 143632
1392049096 143633
1392049270 143633
1392050656 143633
1392051718 143644
1392051883 143646
1392053614 143646
1392054516 143647
1392055821 143650
1392056045 143649
1392072522 143649
1392072848 143649
1392075159 143653
1392108533 143649
1392109211 143650
1392109570 143654
1392109998 143657
1392110304 143657
1392111254 143661
1392205630 143728
1392218879 143733
1392289843 143734
1392290744 143746
1392298364 143747
1392300581 143756
1392635412 143761
1392635659 143761
1392636594 143767
1392655010 143767
1392655076 143894
1392709857 143897
1392715658 143897
1392717841 143929
1392718045 143929
1392719929 143988
1392720834 144011
1392737512 144070
1392739436 144090
1392799478 144159
1392800929 144163
1392801983 144165
1392894832 144173
1392910118 144199
1392911871 144199
1392971533 144204
1393086390 144296
1393086886 144294
1393174048 144306
1393174259 144308
1393174673 144325
1393174890 144327
1393239091 144329
1393255372 144330
1393255534 144336
1393255929 144357
1393257472 144353
1393258220 144353
1393258910 144353
1393313028 144357
1393313352 144355
1393313621 144357
1393314526 144369
1393327485 144405
1393328272 144483
1393328304 144483
1393332227 144483
1393332457 144483
1393335224 144490
1393336776 144494
1393336797 144518
1393338113 144523
1393339011 144528
1393455526 145175
1393455775 145162
1393455912 145161
1393490780 144535
1393491617 144549
1393492049 144561
1393492443 144561
1393501258 144731
1393501983 144737
1393503443 144737
1393509705 144839
1393511225 144872
1393599600 144889
1393841531 144891
1393841857 144896
1393841994 144899
1393842054 145062
1393848071 145062
1393849412 145064
1393849514 145103
1393849578 145103
1393863111 145104
1393928247 145105
1393928453 145105
1393931149 145131
1393944936 145171
1393947584 145172
1393948480 145173
1393949429 145175
1393972294 145162
1394015174 145175
1394125590 145162
1394126076 145162
1394194749 145240
1394205480 145241
1394211831 145241
1394441872 145249
1394443712 145279
1394443948 145280
1394444033 145281
1394444270 145294
1394444487 145294
1394447985 145308
1394448236 145303
1394453921 145277
1394461478 145288
1394461570 145312
1394461861 145318
1394462681 145325
1394464250 145336
1394465022 145337
1394465168 145383
1394465298 145393
1394465758 145405
1394465947 145408
1394466218 145414
1394488915 145421
1394532978 145427
1394533326 145428
1394533960 145428
1394534987 145445
1394535189 145449
1394543848 145455
1394546313 145473
1394547540 145951
1394550613 145473
1394719868 145949
1394791004 145957
1394791494 145974
1394805169 146002
1394834184 146002
1394891963 146021
1395073244 146070
1395138077 146070
1395149864 146090
1395151107 146096
1395151612 146098
1395152331 146136
1395153347 146135
1395230149 146136
1395310967 146137
1395311605 146136
1395311816 146135
1395312432 146141
1395312918 146141
1395313049 146268
1395327046 146321
1395328837 146321
1395330732 146341
1395331542 146344
1395334587 146343
1395385410 146343
1395389288 146343
1395391920 146468
1395650313 146469
1395651608 146476
1395652833 146488
1395658820 146493
1395681050 146560
1395681219 146560
1395681977 146574
1395682315 146575
1395682402 146573
1395685585 146576
1395691443 146576
1395691664 146575
1395733359 146606
1395734506 146608
1395736407 146612
1395739801 146612
1395760034 146648
1395762337 146720
1395765879 146724
1395766246 146726
1395832178 146736
1395833383 146740
1395848138 146740
1395928497 146770
1395928884 146770
1396001928 146945
1396005096 146990
1396005339 146992
1396005399 146992
1396011364 146997
1396012168 146998
1396014150 147043
1396020275 147133
1396024638 147199
1396027445 147204
1396028114 147225
1396041926 147231
1396043364 147244
1396078621 147244
1396091564 147280
1396091876 147280
1396105124 147310
1396137248 147324
1396197137 147337
1396200373 147385
1396250853 147461
1396252902 147453
1396254074 147462
1396259867 147463
1396261268 147464
1396261764 147470
1396269584 147536
1396273298 147543
1396273506 147552
1396274556 147554
1396286207 147554
1396288294 147558
1396298881 147558
1396360335 147559
1396419147 147559
1396425527 147579
1396434611 147588
1396513059 147617
1396514252 147620
1396514730 147660
1396524034 147636
1396535891 147637
1396546286 147634
1396555820 147636
1396556153 147705
1396596815 147705
1396600114 147717
1396618172 147715
1396635194 168287
1396638519 168652
1396639264 168654
1396641912 168654
1396641993 168869
1396646404 168921
1396853825 148174
1396954070 149538
1397062560 148275
1397140591 148279
1397201205 148315
1397202472 148326
1397204707 148354
1397230060 148614
1397292928 148655
1397292971 148673
1397293152 148673
1397293334 148679
1397313431 148679
1397313968 148679
1397314070 148679
1397338968 148694
1397339556 148694
1397339729 148692
1397377152 148695
1397422767 148699
1397422881 148715
1397458753 148750
1397460421 148765
1397460987 148765
1397461207 148765
1397463919 148766
1397466251 148766
1397468993 148766
1397470177 148797
1397470373 148797
1397473126 148806
1397481626 148813
1397482925 148816
1397483721 148826
1397483790 148829
1397483870 148829
1397484572 148866
1397484714 148868
1397484955 148868
1397496900 148875
1397549438 148900
1397576811 148926
1397631942 148941
1397632230 148941
1397632658 149017
1397643420 149092
1397685358 149119
1397686091 149175
1397723158 149240
1397737154 149233
1397737812 149235
1397738872 149312
1397747323 149327
1397748544 149394
1397750000 149398
1397750565 149406
1397817393 149421
1397818864 149424
1397818936 149464
1398176038 149465
1398176078 149536
1398178279 149538
1398241183 149538
1398245867 149538
1398262429 149547
1398329451 149553
1398330502 149565
1398348248 149627
1398349383 149636
1398351787 149636
1398353637 149724
1398353807 149747
1398355301 149708
1398356472 149748
1398366894 164199
1398367146 164214
1398367372 164214
1398368596 149708
1398675128 149886
1398695897 149953
1398696098 149954
1398699417 149972
1398760937 150009
1398760952 150023
1398776411 150045
1398778794 150069
1398781035 150072
1398781202 150072
1398789643 150101
1398791716 150132
1398842943 150142
1398865637 150235
1398876928 150295
1399017327 150349
1399018768 150383
1399020907 150406
1399037708 150425
1399041432 150438
1399302429 150435
1399320791 150435
1399320863 150443
1399364391 150447
1399365262 150448
1399367580 150459
1399371022 150475
1399381442 150478
1399383554 150515
1399471052 150516
1399471485 150529
1399475109 150532
1399557574 150533
1399559933 150551
1399628686 150552
1399629096 150558
1399640549 150559
1399644671 150567
1399646219 150569
1399737571 150703
1399881719 150705
1399882924 150705
1399883793 150712
1399884385 150719
1399885518 150737
1399885597 150737
1399887310 150737
1399903932 150744
1399905260 150766
1399909416 150767
1399919897 177710
1400019275 150770
1400019352 150784
1400051403 150790
1400057197 150821
1400061882 150825
1400073717 150829
1400141896 150829
1400146986 150917
1400150037 150917
1400164393 150927
1400166208 150924
1400491445 150931
1400492355 150963
1400505977 150997
1400506770 150997
1400507044 151008
1400588554 151008
1400595082 151008
1400595313 151010
1400595616 151023
1400667303 151034
1400683236 151070
1400689022 151072
1400766977 151072
1400767426 151087
1400770667 151148
1400777317 151160
1400779475 151159
1400787242 151221
1400838025 151165
1400838110 151179
1400838467 151214
1401092232 151220
1401094811 151220
1401114252 151221
1401119818 151221
1401120408 151223
1401284765 151223
1401899604 151233
1401900680 151241
1401901032 151241
1401957968 151301
1401958085 151302
1402043591 151304
1402043877 151304
1402044300 151304
1402046361 151304
1402061541 166197
1402070644 166224
1402073957 166223
1402143947 151306
1402144629 151307
1402154869 151346
1402155496 151358
1402306648 151377
1402306934 151387
1402392940 151393
1402401278 151405
1402402734 151415
1402405239 151423
1402405552 151502
1402406375 151511
1402407233 151523
1402407996 151529
1402409246 151570
1402411116 151579
1402412168 151581
1402412203 151582
1402413616 151585
1402414782 151587
1402474142 151599
1402474258 151594
1402496593 151595
1402496717 151599
1402581115 151602
1402582830 151624
1402908185 151625
1402921375 151630
1402921468 151676
1402921703 151681
1402923015 151699
1402936573 164530
1402976145 164616
1402995801 151731
1403041082 151738
1403076662 151739
1403096383 151741
1403096828 151742
1403099534 151781
1403099695 151785
1403166507 151787
1403166758 151831
1403183826 151865
1403186188 151866
1403186325 151866
1403249567 151867
1403268827 151876
1403269158 163642
1403342238 163642
1403343583 163642
1403363645 163665
1403507331 163659
1403516567 164407
1403516617 164212
1403517024 164407
1403517376 164407
1403518061 164428
1403525049 164433
1403606958 164434
1403617503 166312
1403688537 164459
1403701713 164530
1403702375 164532
1403703034 164532
1403788429 164535
1403791224 164547
1403800203 164545
1403800497 164547
1403801320 164547
1403813626 164547
1403863188 164616
1403863289 164616
1403863554 164619
1403863875 164621
1403864535 164621
1404122053 164621
1404122846 164623
1404138502 164627
1404207015 164771
1404207818 164782
1404223499 164828
1404223742 164828
1404224253 164852
1404227529 164863
1404227948 164898
1404228239 164898
1404288418 164931
1404288833 165160
1404296844 165195
1404297638 165196
1404298154 165200
1404310468 165200
1404311482 165260
1404311873 165260
1404312345 165272
1404312824 165274
1404312934 165274
1404312968 165274
1404313454 165290
1404315749 165290
1404467490 165290
1404480169 165435
1404480901 165441
1404481060 165448
1404482060 165452
1404482626 165455
1404489063 165478
1404489134 165483
1404515488 165486
1404556664 165486
1404567608 165489
1404729294 165524
1404729324 165524
1404737997 165584
1404811906 165668
1404817005 165668
1404831956 165847
1404832316 165847
1404832341 165847
1404832622 165847
1404917140 165847
1404984299 165902
1404997474 165903
1405002040 165906
1405002228 165956
1405003363 165966
1405069048 165966
1405345053 165966
1405503382 165967
1405524847 165977
1405525637 165997
1405670991 165999
1405671351 166000
1405673708 166024
1405677811 166040
1405696426 166051
1405698229 166096
1405949425 166100
1405952765 166190
1405952989 166190
1406035797 166192
1406044324 166245
1406108637 166253
1406131311 166313
1406278929 166321
1406280231 166415
1406290823 166424
1406295625 166499
1406297371 166502
1406297418 166507
1406297833 166508
1406517279 166555
1406543705 166507
1406544531 166554
1406544544 166555
1406551531 166555
1406656196 166779
1407172392 166751
1408110495 166559
1408136525 166738
1408285946 166750
1408955273 166737
1408955764 166736
1408956138 166735
1409040234 166734
1409040324 166735
1409041136 166737
1409041596 166737
1409041957 166737
1409822599 166795
1409823008 166810
1409823958 166811
1409823978 166811
1409903786 166814
1409905631 166839
1409910515 166850
1409922876 166871
1410161035 166908
1410161460 166908
1410164543 166934
1410335874 166941
1410356465 166939
1410454411 166939
1410456465 166939
1410792506 167029
1410797505 167069
1410855170 167070
1410856378 167083
1410857860 167090
1410858312 167117
1410945009 167151
1410964781 167157
1411053682 167160
1411053739 167171
1411054625 167171
1411123775 167172
1411141444 167207
1411143559 167209
1411143647 167209
1411147072 167210
1411147128 167210
1411147215 167210
1411390554 167225
1411657316 167227
1411743462 167232
1412333637 167242
1412335736 167265
1412581494 167310
1412581784 167311
1412668315 167401
1412668360 167402
1412755960 167419
1412756221 167421
1412778427 167420
1412780292 167423
1412846792 167424
1412846811 167424
1413357662 167424
1414054355 169570
1414082402 169596
1414084198 169575
1414589118 168191
1414666911 168194
1414746119 168195
1414748302 168197
1415715058 168198
1415722332 168215
1415785412 168254
1415786147 168259
1415787432 168270
1415981448 169132
1415981615 169132
1415981783 169132
1416826493 169136
1416923310 169138
1416927380 169156
1416936214 169157
1417016146 169157
1417162891 169157
1417163019 169157
1417165387 169161
1417169158 169178
1417171094 169196
1417171766 169202
1417526008 169206
1417535843 169206
1417536195 169206
1417540770 169212
1417599180 169224
1417599536 169234
1417600247 169246
1417604814 169285
1417686871 169304
1417773069 169298
1418111989 169299
1418120860 169298
1418123348 169298
1418123914 169304
1418124244 169305
1418125575 169317
1418126242 169318
1418126376 169320
1418134385 169320
1418135084 169322
1418137037 169321
1418201336 169333
1418201427 169337
1418201460 169337
1418205762 169406
1418205864 169402
1418205937 169400
1418206304 169398
1418206513 169400
1418221721 169425
1418224221 169450
1418305149 169519
1418305218 169519
1418306317 169527
1418306738 169527
1418306931 169527
1418307082 169532
1418307380 169532
1418307563 169541
1418307653 169542
1418309679 169557
1418309831 169559
1418318430 169576
1418318906 169568
1418421393 169569
1418421449 169569
1418457273 169570
1418457426 169570
1418495208 169572
1418635102 169572
1418738592 169572
1418815642 169572
1418832450 169639
1418832680 169640
1418832937 169648
1418834898 169648
1418835599 170050
1418911904 170050
1418979855 170050
1419242439 170048
1419342777 170049
1419342896 170071
1419359194 173225
1420622455 173221
1420622731 173209
1420625321 173234
1420640758 173243
1420703795 173298
1420704535 173303
1420707115 173173
1420715177 173303
1420724486 173309
1420731004 173316
1420731305 173328
1420742594 173337
1420796345 173354
1420797998 173365
1420798934 173364
1420800827 173364
1420843428 173509
1421073630 173365
1421074606 173466
1421074670 173467
1421074703 173466
1421137897 173467
1421140849 173471
1421142529 173473
1421773288 173487
1421792027 173489
1421792412 173492
1421848302 173494
1421854778 173510
1421865022 173550
1421878777 173580
1421920826 173582
1421921443 173582
1421940674 173587
1421949465 173582
1422033014 173589
1422033065 173592
1422082344 173594
1422462627 173559
1422484002 173652
1422484107 173652
1422534102 173653
1422537465 173678
1422540086 173690
1422542408 173714
1422610905 173742
1422613407 173746
1422615258 173749
1422615797 173799
1422627579 173799
1422913677 173799
1422952460 173800
1422954561 173800
1422955501 173802
1422955985 173802
1422969210 173810
1422969426 173814
1422973958 173841
1422974301 173835
1423045486 173842
1423045591 173842
1423047199 173842
1423084366 174151
1423129329 174154
1423129865 174163
1423130308 174167
1423132125 174174
1423134958 174178
1423192738 174185
1423216093 174180
1423234122 174273
1423235831 174267
1423299247 174271
1423300303 174416
1423317012 173995
1423317940 173995
1423328770 173996
1423336540 174002
1423390787 174417
1423413582 174004
1423434507 174008
1423476404 174110
1423491440 174435
1423518567 174447
1423521882 174462
1423522672 174467
1423556866 174111
1423556954 174113
1423575627 174138
1423576065 174143
1423605552 174246
1423645888 174254
1423645920 174281
1423647901 174300
1423755641 174313
1423755729 174314
1423756280 174314
1423757224 174314
1423827880 174314
1423834701 174324
1423835709 174319
1423835753 174319
1423835825 174319
1423838062 174344
1423838239 174344
1423838384 174339
1423930757 174339
1423930777 174342
1424382151 174356
1424382452 174359
1424687064 174374
1424794419 174385
1424794757 174400
1424794809 174406
1424794973 174406
1424795464 174406
1424855380 174412
1424855887 174410
1424856689 174411
1424856817 174411
1424857072 174413
1424865143 174413
1424865724 174423
1424888946 174436
1424942715 174436
1424971866 174430
1425046858 174444
1425046969 174466
1425047065 174513
1425047415 174506
1425047824 174506
1425048284 174522
1425049305 174523
1425049730 174521
1425072834 174521
1425498496 174521
1425825222 174526
1425987459 174478
1425988833 174479
1426060924 174489
1426089596 174504
1426089914 174507
1426091095 174507
1426112457 174422
1426150750 174424
1426167787 174424
1426242364 174440
1426242771 174444
1426248990 174444
1426264213 174444
1426267416 174445
1426676971 174445
1426841170 174448
1426841830 174467
1426866169 174500
1426867004 174503
1426870522 174516
1426925026 174516
1426925609 174520
1426925942 174520
1426935272 174533
1426936343 174534
1427059421 174537
1427059489 174632
1427060642 174724
1427060663 174783
1427061533 174788
1427184442 174788
1427191630 174861
1427209209 174887
1427447422 174887
1427447692 174887
1427454646 174923
1427709289 174923
1427710666 174930
1427711097 174936
1427718541 174952
1427808176 174960
1427838218 174965
1427874214 174966
1427875628 174993
1429808175 175005
1430069004 175000
1430129132 175000
1430129269 175000
1430251823 175001
1430296401 175006
1430296448 175006
1430734661 175007
1430734784 175007
1430736644 175004
1430736962 175005
1430737202 175008
1430817460 175008
1430836373 175012
1430836544 175017
1430836595 175017
1430844286 175018
1431383064 175527
1431383077 175530
1431702378 175018
1431704178 175022
1431704328 175019
1432031217 175315
1432108795 175316
1432288151 175362
1432542267 175366
1432542748 175368
1432548385 175372
1432818591 175372
1432818625 175372
1432895187 175514
1433313883 175527
1434018577 175530
1434019615 175530
1434020158 175549
1434020273 175549
1434028522 175549
1434126783 175549
1434963747 177589
1434964596 177581
1434965098 177581
1434966794 177146
1434971326 177148
1434973226 177116
1434978037 177116
1434986796 177097
1434986928 177097
1434989286 176956
1435043036 176951
1435044614 176950
1435044943 176950
1435047503 176952
1435047580 176960
1435048065 176967
1435064557 177030
1435135336 177039
1435156274 177096
1435156457 177103
1435160240 177123
1435248345 177093
1435390719 177089
1435391027 177090
1435393438 177108
1435562187 177103
1435562407 177089
1435562491 177082
1435562662 177082
1435563245 177095
1435563574 177095
1435564018 177096
1435564343 177104
1435567627 177156
1435572438 177150
1435574671 177224
1435586237 177224
1435586553 177224
1435588442 177229
1435759928 177268
1435909628 177268
1436200765 177284
1436433910 177284
1436434073 177284
1436456579 177176
1436513140 177164
1436794211 177176
1436803584 177180
1436886937 177155
1436969500 177164
1437031596 177155
1437036852 177163
1437122083 177163
1437123358 177164
1437123644 177170
1437720563 177445
1437723552 177446
1437725704 177446
1437836720 177459
1437836924 177461
1437837944 177509
1437838916 177511
1437839447 177879
1437916497 177879
1437916663 177879
1437916846 177879
1437917280 177879
1437917393 177879
1437945475 177879
1437982908 177879
1438001745 177879
1438002538 177879
1438071273 177879
1438074181 177879
1438074642 177880
1438075160 177880
1438087010 177880
1438092892 177884
1438095484 177894
1438095679 177892
1438164800 177892
1438165645 177901
1438249591 178595
1438347594 178570
1438358483 178590
1438672855 178630
1438686865 177905
1438700160 177949
1438756917 177956
1438759134 177965
1438766602 177966
1438770435 177970
1438774486 177979
1438775936 177978
1438776334 177978
1438786156 177984
1438786310 177987
1438845803 178027
1438846871 178027
1438847378 178028
1438866534 178034
1438872570 178147
1438941875 178149
1440085188 178162
1440163747 178167
1441354172 178630
1441354944 178631
1441617290 178170
1441625083 178170
1441634963 178186
1441697085 178187
1441697263 178189
1441898808 178656
1442226502 178204
1442226828 178204
1442226951 178217
1442264740 178232
1442302650 178232
1442320994 178683
1442907766 178674
1442993603 178680
1442997240 178687
1442997293 178683
1443001408 178723
1443001480 178724
1443017356 178751
1443019596 178779
1443168388 178612
1443168407 178706
1443188056 178678
1443190945 178686
1443430065 178778
1443430285 178786
1443431139 178817
1443431244 178817
1443457557 178286
1443459996 178287
1443461271 178297
1443461589 178297
1443475552 178297
1443540624 178232
1443623057 178237
1443624108 178306
1443624962 178303
1443626614 178307
1443627712 178307
1443792477 178833
1444039887 178869
1444040653 178920
1444116328 178920
1444116449 178925
1444121776 178991
1444141110 188850
1444202226 188832
1444249638 188832
1444249944 188835
1444376837 188875
1444400153 188885
1444726688 188954
1444727304 188971
1444897209 188976
1444900993 189029
1444905967 189034
1444906955 189039
1445453017 189069
1445943986 189071
1446111870 189074
1446113127 189102
1446118747 189166
1446123004 189221
1446130661 189233
1446194464 189234
1446195225 189234
1446195730 189243
1446196384 189250
1446196705 189259
1446202656 189260
1446202935 189366
1446203707 189410
1446573789 189425
1446636594 189680
1446637314 189680
1446637476 189680
1446637832 189680
1446637905 189680
1446637957 189680
1446638306 189681
1446638351 189681
1446652954 189688
1446653794 189688
1446716212 189715
1446718246 189736
1446823199 190158
1447063737 190302
1447063853 189736
1447065798 189749
1447084901 190377
1447085266 189749
1447086416 189762
1447088801 189761
1447144838 190455
1447152359 190591
1447158685 189797
1447233326 190723
1447234115 190748
1447234445 190751
1447234980 190759
1447267615 190812
1447277396 190821
1447278998 190846
1447279677 190846
1447280983 190847
1447313632 190876
1447314539 190890
1447323680 190890
1447329559 190890
1447403461 190936
1447403527 189799
1447406254 190955
1447406312 190956
1447416691 190961
1447535612 190970
1447535775 190971
1447535882 190971
1447666175 191005
1447672028 191012
1447673162 191022
1447674224 191051
1447676609 191060
1447678697 191084
1447687202 191125
1447758673 191155
1447762548 191157
1447770789 189799
1447771114 189973
1447771247 189973
1447773863 191158
1447838629 191186
1448030725 191298
1448611157 191300
1448636752 191306
1448637143 191306
1448637441 191306
1448697941 191306
1448699315 191317
1449135296 191318
1449137000 191318
1449438477 191414
1449697973 191329
1449698804 191331
1449734193 191330
1449735056 191405
1449748708 191386
1449821946 191408
1449828027 191414
1449831405 191466
1449837718 191520
1449838121 191545
1449840401 191544
1449840428 191581
1449853741 191609
1449853840 191607
1450112263 191609
1450113292 191631
1450180480 191768
1450190929 191772
1450192080 191788
1450198829 191792
1450253621 191803
1450265502 191833
1450265789 191837
1450284080 191884
1450340536 191884
1450341583 191890
1450371131 191932
1450434829 191955
1450438034 191971
1450450299 191993
1450771188 191993
1450771236 191994
1451399246 191995
1451736812 191995
1451736863 192027
1451903985 194092
1452078889 192029
1452168008 192101
1452173707 192101
1452202963 192101
1452240853 192111
1452242576 192132
1452251272 192132
1452261856 192133
1452261914 193343
1452264163 192137
1452520845 192142
1452520874 192149
1452521075 192172
1452521099 192202
1452523149 192213
1452526653 192213
1452597359 192214
1452702653 192235
1452769111 192238
1452789289 192227
1452849568 192245
1452873035 192257
1452873078 192258
1453132161 192291
1453192123 192292
1453193584 192299
1453205784 192333
1453212257 192300
1453731895 192300
1453807973 192309
1453814293 192309
1453814478 192309
1453818502 192313
1453908469 192328
1453982762 192335
1454065238 192339
1454065690 192339
1454346082 192473
1454346481 192506
1454346985 192506
1454397604 192510
1454398056 192510
1454407433 192512
1454683977 192517
1455091409 192517
1455091937 192514
1455549296 192542
1455708600 192547
1455787451 192614
1455802962 192668
1455829727 192678
1455880104 192678
1456439505 193122
1456496184 193139
1456498409 193137
1456733326 193153
1456905087 193153
1456927958 193156
1456928025 193155
1456928093 193155
1456928118 193208
1456932028 193210
1456932662 193294
1456935762 193345
1457268264 196776
1457727756 194082
1459430253 196786
1459436533 196787
1459439017 196794
1459448325 196797
1459699472 196798
1459765390 193347
1459771696 193350
1459864384 196807
1459864928 196807
1459936701 196807
1459938844 196807
1459942647 193380
1459953744 196807
1459953982 196808
1459954072 196807
1459954169 196807
1460233550 196811
1460370184 196841
1460387531 196942
1460497158 193620
1460543654 193681
1460543714 193691
1460548710 193759
1460630914 193855
1460630956 196951
1460642329 197043
1460717178 193878
1460717216 197067
1460726425 193877
1460727311 197099
1460975134 197099
1460975279 193885
1461072153 197319
1461078144 197349
1461078768 197353
1461148694 197463
1461151891 197549
1461171979 197587
1461186100 197557
1461223633 197630
1461230220 197654
1461231952 197700
1461240162 197783
1461573542 197790
1461573689 198244
1461591573 197996
1461596966 198052
1461597195 198048
1461662974 198093
1461683180 198093
1461699281 198093
1461773371 198230
1461784604 198230
1461825947 198231
1461837055 198242
1461838200 198244
1461838329 198245
1461839457 198245
1461839918 198245
1461945489 198245
1462200116 193919
1462206969 193980
1462278759 198264
1462345196 193983
1462345896 193996
1462358755 194043
1462369334 194043
1462369538 194049
1462370509 198264
1462371157 198269
1462394057 194050
1462394517 194076
1462431388 194077
1462431450 194077
1462431745 194077
1462434331 194085
1462435362 194087
1462435980 194087
1462436117 194087
1462440823 194090
1462441767 194090
1462449477 194090
1462458081 194090
1462458227 194090
1462461418 194092
1462462533 194092
1462462780 194092
1462464337 194091
1462484228 194093
1462518776 194093
1462619005 194153
1462723493 194155
1462806069 202952
1462833528 198269
1462888221 198286
1462899298 199186
1463247718 199329
1463548123 203053
1463564740 200356
1463565516 199329
1463565577 199329
1463576010 199334
1463576033 199346
1463577798 199346
1463578517 199350
1463580915 199353
1463581066 199353
1463583053 199356
1464605149 199358
1464605248 199355
1464615079 199355
1464623243 199355
1464688327 199362
1464705801 199362
1464705829 199363
1464773747 199353
1464774947 199375
1464805108 199400
1464970765 200430
1464971552 200482
1465037658 200787
1465037739 201009
1465281770 201011
1465394852 201010
1465542002 201012
1465542133 201012
1465542491 201011
1465542901 201011
1465546331 201025
1465546537 201022
1465546729 201029
1465546828 201036
1465547769 201088
1465547978 201088
1465803119 201115
1465803584 201117
1465803628 201117
1465803953 201118
1465804266 201119
1465804630 201125
1465805123 201143
1465812194 201144
1465908328 201149
1465911239 201201
1465984189 201211
1465985746 201258
1465985799 201258
1465987738 201262
1465987875 201261
1465997236 201372
1465998799 201261
1466003718 201285
1466004251 201285
1466074356 201296
1466074473 201296
1466074679 201299
1466074745 201299
1466085237 201299
1466090611 201302
1466097874 201303
1466167721 201303
1466601891 201317
1466665178 201325
1466665791 201329
1466667510 201330
1466676690 201392
1466677792 201392
1466690775 201392
1466691127 201399
1466691179 201398
1466691494 201397
1466691537 201421
1466691554 201433
1466691648 201434
1467043353 201435
1467043966 201435
1467098788 201451
1467099216 201454
1467099740 201479
1467323084 201008
1467358612 201065
1467359555 201068
1467359718 201112
1467366040 201137
1467367165 201158
1467379615 201166
1467626917 201166
1467628885 201166
1467641347 201166
1467650724 201173
1467664112 202540
1467724326 201173
1467724720 201173
1467798213 201159
1467798613 201165
1467800685 200977
1467802603 200980
1467811446 200351
1467811698 201069
1467813758 201038
1467815471 201039
1467815885 201040
1467815963 201034
1467824443 201035
1467824744 201039
1467896518 201123
1467896665 201133
1467980231 201122
1468246929 201121
1468247061 201121
1468247162 201121
1468257497 201116
1468315361 201132
1468319497 201149
1468399537 201200
1468502508 201363
1468504311 201363
1468504517 201363
1468505196 201358
1468577572 201485
1468831982 201485
1468832171 201488
1468842571 201533
1468844378 201533
1468858677 201522
1469019635 201603
1469034140 201638
1469037207 201615
1469092455 201615
1469095856 201618
1469118893 201661
1469177485 201668
1469198362 201736
1469199798 201742
1469284316 218828
1469299280 209192
1469610443 201920
1469630480 202032
1469708131 202036
1469784496 202041
1470078977 202041
1470126756 202041
1470144544 202127
1470212583 202269
1470214586 202269
1470215533 202294
1470240576 202300
1470240611 202371
1470299153 202371
1470402641 202376
1470937981 202391
1472720662 202394
1472720924 202394
1473237177 202453
1473237859 202461
1473238404 202484
1473239163 202489
1473244477 202500
1473254845 202518
1473411569 202579
1473412510 202578
1473429689 202578
1473429703 202686
1473429906 202686
1473755196 202816
1473781162 202918
1473858653 202953
1473864065 202953
1473864218 202953
1473925075 203010
1473925371 203012
1473928403 203026
1473945905 203035
1473953591 203047
1473954193 203047
1474013512 203047
1474014383 203049
1474015399 203065
1474036613 203161
1474036825 203161
1474037520 203161
1474271255 203161
1474273685 203173
1474274079 203174
1474285520 203303
1474287077 203305
1474384950 203306
1474836521 203308
1474873852 203357
1475398896 203357
1475419837 203357
1475419897 203381
1475446115 203427
1475736501 203456
1475766338 203486
1475766647 203486
1475771162 203485
1475834135 203659
1475838433 203659
1475838629 203681
1475840885 203716
1475850859 203724
1475850880 203732
1475850906 203847
1476355308 203858
1476355716 203858
1476370648 204123
1476370660 204134
1476370829 204134
1476451684 204221
1476452891 204221
1476713460 204221
1476715299 204222
1476866620 204221
1477924456 204221
1477924598 204222
1477924846 204223
1477925218 204232
1478080710 204232
1478080824 204232
1478080952 204231
1478081092 204231
1478096088 204231
1479301993 204231
1479302017 204231
1479371823 204556
1479471029 204599
1479471057 204599
1479913940 204627
1479981919 204627
1479998898 204627
1480067716 204646
1480324404 204773
1480352044 204749
1480411360 204765
1480411486 204766
1480411542 204767
1480411673 204771
1480414512 204805
1480500835 204860
1480670480 204865
1480692642 205055
1480692924 205047
1480942952 204854
1480943708 204862
1480943831 204864
1481012436 205055
1481273899 205303
1481567775 205059
1481620806 205209
1481628075 205209
1481641349 205218
1481642833 205232
1481642892 205244
1481715660 205245
1481715724 205244
1481875370 205266
1481875497 205273
1481876447 205273
1481882200 205303
1481882299 205303
1481882710 205262
1481903593 205263
1481906600 205269
1481906913 205270
1482131950 205270
1482132001 205270
1482133724 205270
1482134005 205273
1482162107 205306
1482162318 205304
1482162598 205305
1482225158 205304
1482225546 205303
1482232931 205304
1482237190 205304
1482237569 205304
1482244796 205304
1482318716 206880
1483061872 207627
1483342952 207646
1484043939 207660
1484044372 207690
1484145408 207691
1484145439 207691
1484145788 207701
1484151889 207744
1484208523 207755
1484211040 207758
1484221666 207758
1484303542 207758
1484304429 207758
1484755510 207768
1484755917 207770
1484906503 207770
1485333107 207770
1485434519 207768
1485530784 207768
1485532460 218801
1485766714 218651
1485790448 218809
1485809593 210575
1485964891 218809
1486630718 218826
1487582321 218827
1487676329 218851
1487693406 218872
1487693410 219183
1487761209 219183
1487762821 219183
1487765301 219183
1487860501 219199
1487865613 219206
1488818572 212578
1488913134 212595
1489063776 219206
1489565884 219206
1490621216 221256
1491547599 221143
1491604271 211062
1491665469 221146
1491809601 221188
1491822892 221188
1491823025 221191
1491921908 221189
1491921949 221189
1491922467 221192
1491922560 221192
1491984747 221214
1491992885 221214
1492104155 221265
1492157657 221278
1492158955 221286
1492159222 221287
1492169989 221335
1492185191 221335
1492243719 221342
1492505817 221343
1492506107 221349
1492524873 221351
1492524924 221351
1492525446 221352
1492525878 221352
1492590345 221391
1492603372 221393
1492611428 221406
1492667751 221407
1492784858 221413
1492859562 210530
1492860101 210576
1492869593 210578
1493305447 210591
1493368627 210653
1493397670 210683
1493722390 210742
1493730339 210810
1493731168 210822
1493803581 210900
1493813230 210900
1493813292 210929
1493813421 210928
1493813725 210934
1493816036 210935
1493816088 210947
1493847829 210949
1493886932 210951
1493910053 210949
1494323829 211004
1494340369 211006
1494341991 210986
1494401629 210993
1494403266 211003
1494414930 211020
1494840148 211025
1495185036 211026
1495188210 211026
1497342951 211023
1497457793 211061
1497524274 211081
1497858071 211088
1497969670 211088
1497970436 211090
1497970529 211090
1497970876 211090
1498121218 211125
1498122021 211124
1498210742 211134
1498210945 211134
1498466172 211139
1498561773 211238
1498578679 211240
1498750726 211236
1498809817 211257
1498817520 211257
1498830118 211293
1499103511 211312
1499162105 211316
1499162511 211317
1499242220 211322
1499262025 211326
1499329759 211433
1499332849 211437
1499344177 211437
1499344268 211436
1499346131 211437
1499686703 211463
1499697685 211464
1499724832 211466
1499759218 211491
1499769180 211503
1499769896 211504
1499780949 211509
1499850448 211525
1500024568 211534
1500024839 208704
1500026872 208712
1500030135 208715
1500030277 208715
1500555582 208718
1500556655 208719
1500806486 208719
1500807337 208729
1500898270 208730
1500898708 208732
1500902288 208732
1500902336 208732
1500902361 208732
1500902393 208733
1500902431 208733
1501256874 208735
1501671086 208742
1501755538 208743
1505729021 208744
1505809994 208749
1505810149 208748
1505855019 208774
1505886462 208798
1505899693 208801
1505989922 208804
1505990104 208808
1506602455 208988
1506633334 208989
1509366013 208993
1509367546 208997
1509439282 209000
1509700767 209007
1509968022 209008
1510152165 209008
1510157169 209008
1510939299 209011
1511438700 209023
1511440723 209021
1511510363 209030
1511512626 209054
1511517378 209092
1511518102 209090
1511526594 209086
1511544095 209089
1511544811 209103
1511782862 209207
1511798264 209250
1511897320 209250
1511994630 209250
1512312569 209266
1512315592 209267
1512320710 209296
1512322471 209297
1512490499 212237
1512490634 212235
1512493759 212233
1512558311 212224
1513168559 212225
1513250146 212246
1513250370 212253
1513250492 212253
1513286085 212254
1513338062 212256
1513608399 212573
1513839327 212436
1513935931 212274
1513936879 212285
1513938391 212287
1515149591 212287
1515518182 212313
1515518967 212337
1515520711 212337
1515666002 212358
1515666423 212358
1515666945 212358
1515667257 212372
1515752470 212374
1515773798 212374
1515775269 212430
1515775381 212430
1516016635 212431
1516017008 212436
1516113178 212441
1516113502 213260
1516114333 212442
1516182311 212442
1516184515 212444
1516184617 212443
1516275665 212581
1516351954 213261
1516354808 213319
1516356399 213320
1516356712 213321
1516376349 213326
1516378686 213362
1516618698 213391
1516619375 213392
1516729944 213443
1516785045 212584
1516787284 212584
1516787725 212584
1516808859 213444
1516816283 213503
1516876228 213514
1516894789 213566
1516961914 213566
1516964239 213600
1516984054 213678
1517246606 213730
1517247158 213739
1517396704 213811
1517414792 213851
1517566218 212584
1518532271 212585
1518533006 212598
1518533421 212603
1518533726 212605
1518534091 212609
1518535232 212609
1518622644 213930
1518629648 213930
1518726786 212609
1518726992 212875
1518727263 212870
1518778551 213942
1518778591 213943
1518778647 213973
1518779020 213993
1518779440 214006
1518779584 214016
1518794281 214026
1518798335 214186
1518991969 214186
1518992021 214190
1519035169 212897
1519206632 214190
1519206703 214204
1519208266 214213
1519209771 214223
1519384770 212897
1519404144 212928
1519723508 212929
1519724440 212941
1519730186 212957
1519733072 212905
1519745857 212957
1519746279 212976
1519755327 212976
1519837431 212976
1519904355 212977
1519913201 212977
1519914387 212977
1519921559 212980
1519994680 214248
1519995055 214249
1519995296 214249
1520004214 214251
1520004300 214249
1520007840 214294
1520337341 214301
1520337828 214301
1520435286 214354
1520954808 214383
1520956463 214409
1521031596 213048
1521041432 213119
1521116146 214434
1521127493 214463
1521127998 214465
1521128373 214469
1521204430 214500
1521204524 214500
1521214444 214500
1521215896 214507
1521465373 214584
1521540410 214586
1521540821 214586
1521541549 214590
1521543154 214606
1521564637 214647
1521564825 214648
1521705757 214649
1521706592 215328
1521706766 215329
1521706817 215329
1521715370 215253
1521715504 215256
1521822091 215338
1521822106 215342
1521971004 215339
1521975818 215342
1522056556 215350
1522238768 215354
1522329211 215460
1522400747 215536
1522406956 215539
1522406979 215623
1522408567 215623
1522408615 215636
1522419400 215743
1522422045 215782
1522435235 215881
1522443021 215938
1522449886 215955
1522483123 215955
1522483886 215956
1522483954 216032
1522592457 216041
1522593392 216053
1522927462 216064
1523267684 216084
1523269039 216085
1523287015 216085
1523287236 216094
1523288630 216129
1523443706 216154
1523456572 216161
1523456754 216160
1523530818 216163
1523532108 216232
1523619769 216240
1523620091 216254
1523641906 216253
1523978280 216304
1523980556 216319
1524049929 216350
1524147103 216353
1524147929 216423
1525793238 216423
1525856607 216435
1525860397 216441
1526028013 216801
1526052706 216812
1526054432 216851
1526054823 216847
1526312740 240808
1526312946 240808
1526380196 240815
1526382829 240819
1526393036 216855
1526398401 216965
1526398984 216966
1526568751 220651
1526568794 220656
1526997141 220656
1527088319 220660
1527088499 220662
1527174972 220679
1527175057 226651
1527176976 226656
1527177012 226656
1527177857 226665
1527178873 240411
1527178883 240433
1527248211 240433
1527257539 240433
1527257759 240433
1527257954 240433
1527258441 240434
1527258577 240431
1527258802 240431
1527260228 240431
1527261919 240431
1527299005 240427
1527521022 240427
1527590259 240427
1527590467 240427
1527779506 240427
1527780033 240428
1527780684 240428
1527780731 240428
1527784853 240430
1527859964 240430
1527864845 240433
1528109906 240439
1528125976 240487
1528126083 240519
1528126211 240522
1528127961 240521
1528209271 240517
1528210907 240517
1528278019 240520
1528374285 240547
1528374625 240549
1528374973 240563
1528375016 240563
1528375076 240566
1528390321 240567
1528390380 240668
1528448550 240670
1528449440 240701
1528452754 240707
1528453938 240707
1528454711 240711
1528711722 240824
1528714285 240749
1528715403 240757
1528727449 240757
1528727520 240754
1528727560 240754
1528727590 240754
1528727618 240754
1528728666 240754
1528728765 240754
1528729948 240755
1528788452 240757
1528788506 240757
1528791723 240762
1528802015 240778
1528802041 240780
1528802446 240780
1528805573 240780
1528816917 240785
1528817320 240787
1528817464 240786
1528819841 240793
1528820499 240805
1528971714 240824
1528992485 240837
1528992664 240836
1528995478 240877
1529139577 240902
1529139904 240906
1529225041 240911
1529309118 240911
1529322679 240911
1529322878 240918
1529323566 240932
1529333653 240963
1529333788 240963
1529334540 240959
1529334556 240959
1529415786 240956
1529416412 240960
1529416445 240959
1529416980 240962
1529417171 240963
1529418555 240980
1529419822 240980
1529421756 240985
1529485899 241063
1529486226 241063
1529486311 241059
1529509357 241059
1529595388 241060
1529674476 241060
1529674536 241060
1529675265 241060
1529684823 241981
1529928365 241109
1529938059 241120
1529938501 241132
1529939559 241139
1529939600 241158
1529940212 241158
1529940244 241174
1529940717 241175
1529940852 241175
1529941501 241194
1529941845 241191
1529997346 241200
1530016400 241207
1530016642 241207
1530016711 241207
1530022112 241217
1530022149 241217
1530022400 241215
1530097910 241486
1530098761 241492
1530100366 241514
1530101116 241463
1530101245 241482
1530110542 240280
1530113351 240290
1530118266 241533
1530137830 241534
1530137841 241534
1530138092 241534
1530181144 241548
1530271978 241561
1530287807 241561
1530288032 241576
1530288178 241576
1530422690 241734
1530546664 241575
1530549635 241580
1530549718 241582
1530550016 241600
1530550174 241600
1530614213 241677
1530614534 241678
1530616777 241727
1530617009 241733
1530617141 241734
1530701772 241778
1530703013 241806
1530703555 241832
1530704115 241833
1530704140 241833
1530704787 241847
1530706147 241857
1530710180 241857
1530710214 241857
1530712241 241857
1530715497 241870
1530715822 241876
1530718569 241876
1530775532 241876
1530924281 241876
1530947902 241876
1531135470 241886
1531135548 241886
1531136207 241887
1531213899 241897
1531214346 241901
1531215257 241926
1531216912 241936
1531217071 241936
1531217204 241942
1531228400 241947
1531339666 241947
1531393462 241952
1531394154 241949
1531394379 241949
1531395317 241964
1531395735 241963
1531415260 241959
1531496448 240302
1531496470 240312
1531496846 240332
1531497063 240346
1531497159 240348
1531497497 240363
1531498725 240363
1531736654 240367
1531736722 240367
1531737578 240372
1531737715 240376
1531749872 240380
1531755950 240512
1531756614 240524
1531758734 240526
1531758875 240520
1531816735 240522
1531816787 240522
1531841638 240531
1531842145 240536
1531842631 240541
1531842850 240544
1531843495 240544
1531843726 240545
1531928407 240556
1531928466 240557
1531928497 240558
1531995695 240558
1531995762 240558
1532000940 240581
1532001255 240594
1532001484 240606
1532001553 240606
1532013379 240606
1532014455 240606
1532014697 240606
1532072204 240614
1532072778 240629
1532364185 240667
1532364278 240667
1532384319 240667
1532384420 240662
1532384509 240662
1532420532 240667
1532420664 240664
1532420840 240670
1532420928 240670
1532422795 240673
1532423247 240677
1532445877 240681
1532446063 240686
1532446299 240690
1532451425 240691
1532529011 240694
1532529172 240699
1532529286 240698
1532530224 240748
1532950283 240716
1532950650 240723
1532951092 240732
1532951415 240748
1532965350 240748
1532966352 240748
1532966595 240748
1532967006 240758
1533035378 240782
1533035437 240789
1533035664 240789
1533035803 240782
1533048035 240797
1533048093 240797
1533049876 240798
1533049983 240801
1533050409 240881
1533050910 240888
1533052693 240892
1533053332 240907
1533140876 240918
1533142231 240962
1533142249 240949
1533142386 240954
1533142455 240956
1533142900 240956
1533212079 240982
1533228589 240991
1533229637 240998
1533293164 241000
1533296372 241000
1533296727 241000
1535275191 241025
1535275421 241036
1535275544 241039
1535293849 241041
1535293884 241045
1535363864 241034
1535364548 241041
1535364850 241034
1535365034 241034
1535365637 241050
1535366069 241070
1535368771 241076
1535537630 241076
1535538361 241076
1535552022 241066
1535552291 241066
1535552353 241067
1535558027 241151
1535559286 241074
1535622402 241069
1535643658 241074
1535724423 241077
1535726618 241121
1535991445 241130
1535992262 241130
1535992758 241148
1536058190 241151
1536060366 241151
1536060564 241153
1536145805 241158
1536146412 241171
1536155288 241174
1536168836 241181
1536169649 241188
1536248491 241188
1536314762 241188
1536315035 241186
1536316102 241186
1536316287 241186
1536569019 241187
1536569188 241189
1536569343 241190
1536574940 241269
1536575257 241272
1536576962 241272
1536590243 241272
1536590391 241277
1536590774 241277
1536591764 241277
1536592053 241277
1536592141 241281
1536594706 241285
1536594934 241285
1536655164 241285
1536655907 241285
1536656049 241285
1536656270 241285
1536656608 241285
1536658246 241285
1536674665 241308
1536674964 241354
1536676171 241355
1536679977 241426
1536693343 241450
1536741313 241494
1536743767 241538
1536744850 241563
1536747993 241563
1536748108 241563
1536748837 241563
1536767580 241563
1536818908 241563
1536818936 241563
1536820195 241563
1536820315 241568
1536822216 241568
1536867352 241570
1536867795 241580
1536921359 241636
1537190941 241641
1537191307 241643
1537192367 241657
1537194247 241638
1537194292 241638
1537269336 241659
1537269573 241661
1537269725 241663
1537348852 241683
1537349482 241693
1537350217 241695
1537351357 241728
1537366640 241739
1537545246 241833
1537780610 241848
1537782285 241888
1537800227 241907
1537802400 241928
1537871503 241928
1537872302 241942
1537873095 241941
1537885472 241983
1537886986 242000
1537961941 242060
1537961956 242060
1537976468 242060
1537976520 242062
1537977127 242136
1538040163 242154
1538041198 242172
1538041428 242180
1538041582 242186
1538060492 242226
1538132441 242229
1538386738 242229
1538392953 242229
1538393089 242290
1538393333 242312
1538393442 242312
1538488985 242312
1538489362 242312
1538489935 242315
1538490040 242316
1538490390 242316
1538501793 242336
1538502294 242337
1538667246 242337
1538756963 242337
1538757045 242337
1538991282 242337
1538992800 242410
1538993120 242403
1539078424 242414
1539078664 242421
1539082568 242427
1539083741 242469
1539083905 242468
1539084353 242475
1539162205 242480
1539168662 242527
1539168699 242531
1539185537 242570
1539185857 242580
1539255655 242580
1539433031 242580
1539433052 242745
1539594097 242745
1539594924 242745
1539596841 242755
1539597013 242755
1539597144 242755
1539597677 242757
1539601318 242759
1539688236 242908
1539688634 242858
1539701173 242871
1539701311 242877
1539703736 242863
1539709015 242863
1539768429 242887
1539768963 242887
1539770643 242898
1539771052 242903
1539771066 242914
1539773835 242964
1539774035 242964
1539789605 242964
1539938397 242968
1540203842 242966
1540222903 242968
1540223028 242974
1540376639 242981
1540376787 242980
1540376908 242980
1540391324 242980
1540460184 242986
1540461015 242991
1540465728 242993
1540465738 242996
1540833914 243016
1540903121 243017
1540982524 243023
1540982788 243029
1540985868 243030
1540987007 243044
1541419561 243048
1541419634 243048
1541420160 243049
1541502306 243145
1541502324 243145
1541503688 243157
1541505615 243157
1541524397 243156
1541524551 243155
1541591686 243155
1542641162 243156
1542642069 243159
1542642654 243183
1542642669 243190
1542643230 243190
1542644363 243205
1542706739 243208
1542881456 243209
1542881790 243214
